-1 19 26 27 30 34 58 59 61 71 86 91 94 95 149 158 193 209 215 224 230 243 246 249 250 254 259 299 377 378 390 395 442 519 574 731 
-1 17 23 50 51 54 61 65 77 94 97 130 153 162 173 193 197 202 209 213 216 222 231 236 240 245 246 249 251 252 260 261 269 310 338 394 485 505 511 521 522 528 542 555 561 575 647 690 
-1 26 27 67 91 106 122 125 145 151 165 177 185 215 216 218 226 227 231 232 244 246 250 253 260 261 306 315 319 382 434 498 515 533 536 746 
-1 3 13 45 63 91 109 121 126 175 193 195 213 218 230 236 242 244 253 255 257 291 313 333 415 425 482 500 501 505 519 525 528 554 583 598 
-1 7 17 58 119 167 175 179 210 211 212 213 214 215 217 227 229 235 248 250 254 258 262 314 359 515 523 530 536 545 582 634 
-1 6 9 10 21 27 45 54 65 86 89 117 133 163 170 174 190 194 209 210 217 218 232 234 247 255 259 263 313 445 474 479 504 546 578 674 
-1 2 22 51 53 54 77 121 123 143 155 174 194 199 211 223 241 295 315 322 331 371 375 377 385 390 405 455 459 477 507 525 530 539 563 578 
-1 3 14 49 66 67 115 125 137 146 149 151 177 189 194 197 206 208 210 214 220 222 228 230 243 255 326 358 383 391 393 397 438 441 478 489 534 536 570 638 
-1 7 9 17 29 47 57 67 81 86 87 98 99 110 142 166 170 179 211 212 219 220 221 224 229 233 234 244 257 262 267 297 375 422 450 453 483 495 534 567 727 
-1 14 87 99 101 102 106 127 131 141 161 166 171 179 183 195 198 219 220 221 226 236 243 246 247 250 258 260 266 311 345 370 415 417 489 557 719 726 
-1 3 5 11 13 15 26 39 71 75 87 91 114 122 123 133 134 143 173 191 197 218 222 225 226 232 237 256 257 377 427 465 483 485 508 530 565 577 665 
-1 19 30 39 61 69 82 85 109 135 141 150 158 170 171 182 198 209 216 217 220 224 225 227 230 245 247 249 307 335 358 445 494 514 521 524 547 
-1 3 23 35 45 53 67 74 81 85 91 101 102 105 127 159 191 216 219 235 237 242 253 262 283 299 391 419 430 459 479 484 485 524 530 539 582 674 717 
-1 15 25 26 35 61 63 86 137 155 179 202 205 212 215 231 232 233 239 247 248 250 257 298 347 366 399 421 430 441 446 473 482 498 501 551 582 610 699 
-1 19 29 43 59 70 74 89 98 103 114 119 127 131 134 153 158 161 175 181 213 214 220 221 222 223 224 230 257 259 275 359 377 411 453 474 497 505 526 650 723 
-1 14 17 19 46 55 62 77 82 83 111 113 115 121 170 171 185 190 194 206 209 212 216 218 219 223 225 229 232 253 259 338 341 409 410 415 417 421 426 446 449 481 494 504 508 512 518 521 523 524 
-1 6 63 69 109 111 143 155 186 201 207 212 226 227 228 230 233 244 245 250 251 252 275 338 346 362 389 399 462 491 505 510 518 523 571 573 
-1 3 9 21 23 33 39 54 70 71 78 95 98 107 118 121 143 153 162 169 208 209 214 231 247 248 252 254 255 261 295 322 350 362 419 446 506 509 528 537 550 
-1 5 38 47 63 73 77 89 98 115 126 171 226 227 228 233 235 240 243 257 277 290 317 345 359 445 484 502 503 521 524 549 569 
-1 5 17 38 47 91 101 111 135 138 151 170 177 185 189 203 209 210 219 221 243 258 263 299 359 437 482 484 496 508 523 557 
-1 6 18 19 31 82 85 95 107 123 134 185 193 194 216 222 223 226 233 238 245 256 309 327 374 426 455 482 497 503 512 516 518 526 570 
-1 49 54 86 105 107 131 134 143 145 207 215 216 225 226 235 245 249 253 256 257 258 259 381 499 508 509 516 
-1 5 9 15 34 35 47 61 66 67 69 89 90 91 94 126 133 153 154 161 162 171 186 191 206 221 224 227 228 243 246 247 261 262 294 402 422 425 431 489 519 527 534 
-1 21 22 39 45 46 47 59 82 91 98 106 107 118 138 175 177 187 191 208 209 211 221 241 242 255 326 401 405 504 505 525 528 639 658 685 
-1 10 11 13 27 37 43 67 114 139 157 171 177 179 208 209 211 217 247 250 254 256 257 259 391 425 479 481 485 496 512 515 528 531 532 582 751 
-1 19 39 50 54 67 70 74 162 166 171 174 209 212 218 223 227 238 239 241 262 263 289 317 329 331 345 403 413 427 455 462 483 493 498 514 517 526 547 614 725 
-1 41 53 67 69 71 79 89 107 109 110 122 131 133 147 149 154 186 193 197 205 207 211 214 238 240 244 275 297 299 317 323 457 459 465 478 486 492 506 513 515 518 519 520 565 
-1 9 27 29 35 37 66 82 91 97 106 107 127 203 208 210 216 219 220 224 237 243 248 250 259 266 314 335 342 359 387 419 430 431 445 462 471 474 494 510 513 577 695 726 
-1 6 7 18 37 47 82 98 99 118 139 142 187 189 194 207 208 212 231 240 241 243 249 260 270 290 341 355 358 366 383 395 401 402 423 446 495 500 510 515 516 519 565 573 581 707 731 
-1 18 38 49 54 74 82 85 139 161 166 173 198 203 206 207 208 211 213 215 220 232 244 246 251 252 261 262 274 279 303 335 382 390 411 469 487 488 490 499 535 542 614 
-1 23 43 51 55 62 82 89 90 103 106 107 114 125 138 182 191 210 212 215 223 224 231 232 262 338 445 487 489 512 527 569 574 
-1 27 34 50 62 66 70 85 90 99 101 110 119 122 127 129 134 153 154 157 174 191 206 228 245 250 294 306 325 362 394 403 445 470 487 494 496 509 511 520 531 645 662 
-1 11 46 85 97 126 229 232 234 245 247 248 256 257 342 374 386 423 471 484 527 532 536 561 577 
-1 2 31 50 79 105 129 134 141 158 162 174 175 186 189 191 219 223 227 229 238 317 330 381 398 438 500 
-1 7 9 31 35 55 65 66 70 74 77 89 109 130 135 202 205 208 209 223 230 233 255 259 261 262 287 299 335 339 389 484 485 518 525 529 530 531 533 535 581 673 695 
-1 13 27 29 35 41 70 79 89 101 105 118 121 125 131 143 145 158 185 191 206 213 217 230 234 239 243 248 261 265 301 334 355 445 478 487 520 535 563 678 718 
-1 21 39 82 123 163 187 193 198 208 215 218 219 226 230 235 248 253 322 411 434 438 475 484 502 525 573 
-1 1 15 17 21 45 62 67 70 111 113 115 121 127 129 137 139 142 166 173 194 209 212 236 237 239 248 249 254 256 260 263 275 291 375 377 427 433 471 496 525 531 
-1 62 73 86 101 110 125 126 163 189 207 219 245 251 255 258 294 402 425 467 470 477 497 518 534 575 
-1 6 27 46 47 51 69 71 75 83 114 118 123 129 137 154 174 183 203 205 207 208 210 222 223 227 229 241 245 247 259 263 306 314 337 370 426 449 451 483 489 499 508 527 531 546 558 575 
-1 5 26 31 35 50 77 97 111 122 134 187 208 211 221 223 237 257 345 378 429 459 462 463 494 496 502 512 523 566 655 718 
-1 5 11 19 34 43 49 69 75 87 90 109 161 175 181 205 207 209 216 222 241 263 287 335 398 401 454 470 474 490 492 499 517 523 527 559 583 
-1 14 25 43 49 54 61 103 118 127 131 133 134 143 147 159 167 170 177 178 206 212 214 218 222 223 228 231 236 251 259 261 286 314 346 369 397 402 415 457 486 512 583 698 723 
-1 14 31 39 54 73 94 105 106 119 123 142 153 167 181 183 186 193 205 206 213 221 224 225 231 234 244 245 248 253 254 260 294 306 357 374 375 382 441 457 461 483 489 498 511 517 518 520 534 545 582 719 
-1 2 14 15 21 54 65 66 81 87 97 115 139 147 149 157 186 230 235 239 249 250 257 259 262 266 281 329 338 403 498 507 528 545 
-1 10 47 51 73 91 105 107 143 147 157 162 186 191 197 208 210 214 237 240 250 252 254 257 262 347 373 389 407 451 462 482 494 499 512 532 533 571 
-1 5 15 26 33 34 45 74 78 82 85 86 121 142 153 178 189 194 208 225 227 230 233 234 238 242 247 251 259 261 286 290 326 374 401 403 435 454 478 497 513 530 
-1 10 25 43 45 53 63 73 82 114 135 147 165 181 189 207 210 215 225 230 231 234 236 240 245 247 256 259 262 267 269 279 303 318 354 451 473 485 490 493 503 508 512 519 
-1 21 22 30 61 78 81 82 95 99 105 114 117 121 122 137 147 165 169 178 179 194 215 217 226 229 233 251 252 257 282 314 326 415 417 426 465 485 494 495 497 523 528 536 635 709 
-1 2 10 21 42 50 73 81 85 90 98 101 106 127 133 151 154 181 182 205 207 212 215 219 221 222 225 226 228 229 230 247 248 249 260 314 373 387 405 490 511 522 523 730 
-1 14 50 62 126 135 139 146 161 170 182 195 211 215 240 245 247 302 310 329 349 354 397 423 427 451 454 489 519 
-1 7 29 30 41 42 49 55 58 67 81 85 86 90 99 102 153 173 193 197 198 218 222 232 242 243 244 245 246 253 262 271 365 411 445 461 477 495 553 
-1 9 13 21 37 45 47 71 85 99 101 117 145 163 185 202 205 207 208 218 239 241 257 270 273 283 285 301 309 310 342 357 366 409 462 473 481 499 517 518 526 531 698 
-1 27 29 30 51 77 81 91 99 101 105 107 109 118 139 143 147 158 189 207 215 218 225 227 228 235 247 253 263 291 293 302 382 389 434 458 493 523 528 532 569 725 
-1 50 58 83 99 134 147 154 157 166 169 175 177 178 182 187 207 210 217 223 224 230 237 242 248 249 250 253 263 273 334 354 390 426 459 516 
-1 2 11 43 77 79 95 105 109 125 133 146 178 211 214 215 222 225 238 248 256 258 282 287 311 350 351 363 459 466 473 495 498 512 515 517 559 
-1 41 43 45 59 75 101 106 110 119 121 130 147 149 162 165 171 194 216 217 222 223 226 227 231 239 240 252 258 266 282 383 399 483 491 493 496 510 512 521 537 543 714 
-1 2 14 15 39 69 73 89 90 101 103 105 115 122 129 137 142 161 162 173 175 195 197 209 212 214 215 223 229 242 243 246 247 254 294 327 369 438 451 474 485 495 497 510 525 526 531 658 699 726 
-1 25 31 69 81 85 145 187 205 214 216 219 226 227 242 246 249 253 255 262 270 271 306 359 382 395 414 426 505 510 513 575 701 
-1 1 39 93 102 115 130 137 165 169 179 181 191 207 209 211 225 230 231 238 242 244 257 401 411 414 439 494 503 506 515 529 531 535 550 657 
-1 11 34 57 73 98 102 142 146 165 170 175 177 191 193 197 203 205 214 223 232 233 235 241 259 270 275 295 323 325 337 351 370 398 401 417 443 471 475 506 525 526 
-1 1 27 33 41 46 54 59 89 94 138 155 189 198 201 203 209 210 211 222 225 228 243 259 333 365 397 466 486 487 501 521 523 529 533 643 747 
-1 11 23 30 34 39 42 47 51 53 65 83 86 111 134 153 175 193 209 211 214 220 221 228 242 247 249 260 321 331 366 373 375 443 447 488 502 510 529 546 
-1 2 7 11 61 98 101 113 125 134 153 157 206 208 214 216 226 228 231 240 253 277 325 377 407 495 506 511 625 695 
-1 5 23 46 57 59 69 78 97 103 110 126 139 145 146 183 197 211 213 218 220 224 226 228 238 241 256 260 265 278 297 322 459 515 518 519 522 530 541 551 578 690 
-1 11 13 17 18 35 70 74 78 79 113 118 126 129 145 149 150 162 173 178 211 213 214 215 224 237 238 247 252 298 330 345 370 403 458 493 494 498 508 521 528 536 561 650 
-1 2 9 25 31 37 65 85 98 99 102 106 111 130 146 169 213 214 227 237 239 244 250 254 256 457 470 477 484 519 533 535 575 703 
-1 2 25 39 74 82 89 93 127 134 150 174 190 193 206 213 215 226 238 239 242 247 249 251 287 350 363 386 495 497 504 509 523 532 555 
-1 29 37 62 70 73 121 134 165 181 198 206 207 214 219 226 240 253 319 339 351 370 381 410 411 431 442 470 488 497 499 512 514 520 565 570 583 694 
-1 2 3 13 17 29 42 74 75 87 153 158 166 169 170 178 206 230 239 250 261 307 313 318 333 347 350 369 381 393 419 492 496 503 513 522 528 535 573 579 695 
-1 13 14 15 35 41 67 69 71 86 89 105 114 131 139 165 214 220 223 232 249 251 262 267 351 411 442 451 484 492 510 517 522 530 542 549 551 678 
-1 1 2 45 53 54 58 59 82 122 165 170 203 210 218 223 236 240 241 246 251 256 282 319 370 377 418 430 451 453 458 461 493 498 536 565 752 
-1 26 33 61 93 114 118 123 129 131 151 153 154 166 167 183 186 190 198 199 202 215 218 220 233 253 256 289 311 354 431 439 446 496 667 683 
-1 9 13 17 34 50 69 86 102 106 127 137 138 151 170 182 185 205 208 216 217 229 230 233 240 245 248 258 262 274 277 294 311 314 375 413 461 475 490 495 499 504 505 533 536 603 617 
-1 13 26 45 50 94 95 103 109 133 147 151 170 181 211 219 238 246 256 319 361 381 402 419 465 469 475 493 515 520 697 709 
-1 9 59 109 119 125 143 145 153 198 199 207 212 215 222 226 229 237 245 260 265 270 282 289 306 326 329 358 379 391 402 425 427 438 500 509 529 579 650 
-1 31 50 69 90 93 97 102 111 123 150 170 178 194 202 209 222 237 242 257 262 275 346 355 383 419 450 458 459 502 525 528 551 571 
-1 22 29 38 49 51 63 87 105 113 118 121 122 125 130 138 139 162 175 183 189 203 207 212 219 229 235 241 249 251 256 258 259 353 363 417 442 450 485 496 525 541 551 554 653 
-1 31 57 67 73 85 110 134 147 153 179 181 183 186 190 197 206 214 245 249 259 262 274 290 305 339 390 405 410 423 433 434 462 488 520 527 535 725 751 
-1 5 18 21 26 27 37 85 98 106 110 111 113 115 121 131 141 142 155 161 178 182 191 209 210 221 230 237 240 244 247 260 261 263 273 274 279 295 309 365 369 403 423 454 489 493 508 521 561 
-1 10 19 22 26 54 61 70 93 113 119 135 139 145 159 173 178 193 194 201 215 217 218 219 220 228 229 231 236 243 251 255 259 261 269 331 434 450 454 486 489 497 505 507 513 516 520 522 538 
-1 9 13 27 50 54 62 63 78 81 102 111 133 169 178 181 182 189 190 197 201 216 228 236 238 248 252 256 259 269 279 327 353 419 465 486 492 504 514 532 
-1 2 46 77 85 93 98 109 110 113 114 125 141 150 153 165 174 178 207 212 213 232 234 236 239 240 242 243 245 254 259 263 287 317 407 409 430 467 478 494 498 506 516 537 569 570 574 
-1 33 42 49 66 79 98 101 106 111 141 146 167 207 211 225 226 230 233 236 241 243 244 245 249 254 258 261 263 274 286 322 383 409 458 466 486 494 505 521 531 532 562 
-1 2 5 21 34 58 62 63 65 83 106 109 126 134 151 174 177 185 186 189 190 193 210 216 218 233 234 241 247 254 260 279 326 359 385 401 429 462 490 502 514 518 525 528 546 559 581 627 
-1 3 26 29 31 43 45 89 98 125 146 186 191 201 206 210 225 230 231 239 242 253 254 258 259 303 331 334 367 385 426 459 470 486 501 505 511 512 526 527 546 737 
-1 3 23 31 34 35 59 67 99 111 121 170 187 191 201 214 218 229 231 237 240 255 374 426 441 446 455 502 
-1 23 41 55 63 66 77 78 94 127 133 135 149 154 178 199 221 244 245 246 254 257 260 285 313 349 402 409 459 463 486 495 497 500 501 508 516 524 531 536 618 733 
-1 19 23 38 55 85 87 91 134 158 177 189 194 210 211 223 228 232 233 235 237 238 250 253 254 321 337 354 362 399 430 431 458 495 498 504 510 512 514 517 574 
-1 3 18 22 30 33 49 55 90 94 95 106 119 127 134 149 154 162 169 177 190 191 193 208 210 214 227 231 234 235 242 244 248 254 256 260 261 279 378 382 426 437 490 496 499 510 517 518 531 543 
-1 13 29 30 31 42 49 63 90 97 102 106 110 111 130 146 181 193 198 206 207 209 214 216 229 234 252 263 319 373 455 484 505 509 516 525 534 555 559 569 570 634 682 
-1 63 71 82 99 107 111 113 117 137 147 171 178 179 198 199 201 218 222 228 230 231 233 238 242 246 256 342 378 415 449 485 512 517 524 525 529 531 567 601 
-1 1 34 35 37 46 57 77 82 118 122 135 149 162 173 186 216 217 219 221 228 229 236 246 247 254 259 262 350 442 451 500 501 514 526 547 
-1 29 30 49 79 85 89 103 105 113 123 137 149 154 165 169 193 197 206 209 218 222 226 229 236 237 255 294 297 322 325 329 335 350 351 385 434 463 481 485 494 500 504 519 528 536 553 650 
-1 3 7 11 15 27 59 65 87 89 91 93 117 123 131 137 138 145 162 166 171 183 185 202 221 223 230 236 240 241 247 248 266 306 315 319 326 367 451 484 524 535 539 541 550 
-1 1 11 25 58 62 63 75 175 194 211 212 219 222 248 258 261 266 285 291 330 331 357 382 409 415 427 454 488 498 517 525 575 675 
-1 33 34 43 47 54 74 85 91 110 139 142 143 158 161 173 179 209 214 216 217 228 232 239 241 257 378 451 503 517 520 532 569 581 681 709 729 
-1 13 22 25 38 39 69 77 81 89 94 97 110 119 122 149 199 213 231 243 252 257 258 275 319 370 441 495 513 539 583 617 646 655 
-1 1 5 33 46 59 65 77 78 83 103 117 139 157 182 191 212 226 229 232 241 244 250 255 323 367 373 390 422 459 463 503 529 550 553 717 
-1 33 37 47 49 55 74 75 82 99 115 131 162 174 178 185 189 194 205 208 209 213 214 216 222 223 227 238 243 248 251 257 261 265 351 386 397 410 426 433 469 484 497 500 508 574 611 
-1 5 11 14 15 34 38 46 65 97 98 102 106 126 127 131 166 178 181 190 195 229 230 234 237 278 301 323 334 345 382 399 422 474 483 502 529 536 
-1 19 38 54 58 59 63 78 83 89 94 133 135 163 170 173 183 186 194 207 208 215 217 222 226 228 230 236 247 251 255 258 262 267 289 291 306 325 346 398 411 443 449 450 455 473 483 500 547 639 679 
-1 1 14 18 27 38 55 62 70 85 106 111 118 157 193 195 207 215 216 221 224 227 235 240 244 245 248 253 260 274 279 294 323 494 501 518 519 559 
-1 2 13 33 45 58 61 66 67 93 95 102 105 110 129 131 173 193 199 201 205 215 219 232 234 240 241 243 246 249 256 259 261 367 442 492 505 510 512 514 531 646 
-1 2 19 26 33 34 38 39 47 83 145 170 175 178 189 214 218 220 227 228 235 246 251 271 281 315 325 337 347 375 394 397 486 500 510 530 555 565 
-1 33 41 51 87 113 118 145 153 163 178 206 222 236 240 243 248 251 258 275 295 303 355 377 423 438 491 528 581 595 
-1 22 33 34 43 50 110 114 117 125 147 165 181 182 190 193 198 219 223 230 243 247 252 286 294 302 350 382 418 435 450 466 484 502 505 510 527 557 570 
-1 21 31 35 39 67 94 111 121 129 130 135 137 150 154 166 173 191 199 202 226 232 236 238 250 262 290 317 387 414 434 446 451 458 493 513 583 
-1 9 63 67 83 89 97 98 111 130 158 167 208 213 219 236 242 244 245 250 290 307 378 395 438 484 494 499 503 506 514 520 525 526 527 546 
-1 14 29 37 47 49 51 63 65 81 105 119 135 163 165 169 170 181 198 206 208 209 215 218 223 224 231 236 245 247 249 256 286 294 299 301 317 334 337 375 410 421 437 471 474 479 486 508 553 
-1 3 10 13 43 54 57 61 71 77 90 95 103 137 146 153 169 173 179 211 216 219 221 222 236 362 377 407 422 453 467 470 483 484 496 500 531 532 536 546 
-1 3 7 13 37 41 47 61 66 85 91 93 114 115 125 135 154 155 157 162 190 191 198 209 217 225 230 231 247 255 259 263 271 278 330 349 415 419 443 446 453 506 511 513 535 575 635 
-1 3 7 10 22 26 34 41 70 75 78 87 90 113 135 141 210 214 221 227 229 231 245 248 250 251 258 273 322 327 371 379 402 459 461 509 521 522 525 665 
-1 14 25 26 35 37 38 51 69 71 82 94 111 149 183 189 190 203 206 209 224 235 236 238 241 243 247 249 252 254 289 294 409 445 449 466 488 501 502 504 511 512 518 524 
-1 10 19 25 27 31 35 45 59 62 83 93 113 138 170 187 190 198 206 222 224 228 233 239 240 246 262 263 290 402 405 422 439 474 483 493 505 509 533 550 557 565 598 734 
-1 11 19 42 123 133 135 155 162 165 201 205 209 213 217 221 227 231 232 238 243 244 246 257 259 266 291 351 391 407 486 515 533 534 539 547 581 
-1 23 30 45 54 71 81 85 107 151 163 171 174 182 205 213 222 223 242 243 245 247 250 255 263 269 289 293 327 375 382 441 451 487 500 518 519 524 532 551 
-1 3 14 55 70 87 98 105 129 163 165 206 210 217 221 225 228 231 243 247 260 261 286 290 307 338 342 346 371 383 490 504 509 518 625 
-1 11 15 26 63 71 83 89 115 118 127 134 141 143 146 154 158 159 163 177 191 198 202 205 209 210 213 215 221 234 242 243 245 247 250 255 256 258 266 285 321 355 370 391 414 437 442 443 445 485 490 493 504 513 514 515 517 532 533 541 581 588 597 642 
-1 23 94 121 127 133 137 138 141 149 183 202 205 206 208 222 227 231 239 249 299 322 411 449 462 463 485 487 510 537 539 597 627 
-1 5 11 15 22 31 34 42 43 46 81 85 101 117 121 125 134 138 174 191 198 199 208 211 220 221 226 227 231 234 236 241 255 257 294 314 409 421 461 486 493 500 529 582 621 
-1 3 9 13 27 34 54 113 118 123 146 155 163 185 205 206 210 211 219 221 228 241 245 250 257 261 279 514 519 528 539 549 569 571 579 
-1 2 33 34 55 87 153 158 166 167 175 178 208 224 228 234 235 238 247 258 259 260 345 362 386 390 393 401 438 467 492 502 531 565 570 574 
-1 9 30 57 65 66 67 73 89 97 114 115 118 119 123 137 146 162 166 178 183 191 193 215 217 218 226 235 245 249 256 257 285 291 298 314 315 333 338 361 370 389 391 427 479 484 491 500 516 611 
-1 23 49 65 91 102 103 127 129 131 134 179 193 205 210 214 223 225 226 229 236 252 256 259 261 281 302 331 341 419 430 474 496 499 519 524 558 565 615 
-1 6 21 46 50 57 61 67 73 81 95 102 113 115 127 134 139 159 170 174 186 187 190 191 213 221 224 228 237 244 257 262 293 301 302 306 363 397 409 471 506 517 559 
-1 3 11 14 18 26 31 50 51 82 98 111 135 177 182 187 199 203 211 214 217 219 220 228 234 236 242 244 245 255 259 275 289 379 395 414 438 453 466 471 489 495 534 566 670 674 
-1 1 9 19 26 39 46 49 50 51 55 93 102 106 107 122 139 154 187 194 212 224 228 232 234 237 247 250 254 283 293 331 390 411 453 454 465 469 487 492 509 537 551 
-1 2 5 29 38 39 55 65 71 75 79 86 87 90 94 105 125 134 147 150 169 173 185 191 201 213 218 231 235 236 241 246 247 253 255 260 321 351 390 394 442 506 522 525 681 
-1 2 9 34 43 55 82 90 110 119 125 130 141 155 165 173 178 181 185 197 201 207 212 214 221 225 226 227 230 231 246 248 249 250 252 262 295 297 369 430 431 485 487 493 495 499 502 508 520 534 581 
-1 18 61 105 109 119 121 161 185 190 191 193 197 201 210 213 219 227 232 234 235 238 240 252 254 255 327 347 362 367 426 438 459 482 491 496 510 511 515 521 528 529 635 
-1 1 9 15 23 26 46 50 55 67 95 103 121 125 142 215 218 224 231 232 238 248 250 251 261 263 266 275 317 318 373 415 429 439 457 488 493 494 532 535 538 
-1 10 21 81 89 90 106 129 131 137 138 146 151 158 173 175 187 189 212 215 216 223 227 234 237 241 246 247 248 267 346 357 398 409 430 454 504 550 559 
-1 6 10 13 29 62 78 91 106 131 143 146 159 162 175 198 207 210 216 219 223 224 228 241 242 244 252 254 256 257 263 290 337 378 409 483 495 500 507 511 513 514 
-1 14 17 53 99 113 119 138 158 177 178 191 207 230 232 237 244 245 247 263 318 497 506 508 519 520 525 
-1 7 10 29 47 49 53 66 82 117 133 143 151 185 186 203 221 224 225 231 232 240 247 249 250 253 262 386 423 478 500 501 508 557 
-1 13 30 51 54 55 73 74 81 102 111 145 153 157 167 169 190 215 216 223 227 230 231 232 245 250 258 273 315 325 334 373 382 383 386 405 525 
-1 9 17 21 41 42 58 73 86 89 97 111 154 157 179 190 191 206 212 214 216 219 240 244 256 403 414 486 496 500 510 514 525 537 541 635 691 695 
-1 1 3 26 27 51 57 78 113 139 161 170 183 202 208 212 214 216 218 220 222 224 228 231 246 249 254 259 260 325 353 359 409 463 466 482 485 513 523 534 559 566 599 706 
-1 5 7 9 17 22 23 29 33 42 47 57 58 63 73 74 85 119 154 157 177 178 210 211 212 218 225 226 229 238 244 253 255 257 260 349 437 470 485 506 510 512 515 519 520 577 
-1 3 15 30 43 55 86 98 107 110 111 115 122 130 141 157 159 161 165 169 177 178 185 207 212 213 218 219 246 254 257 258 362 366 406 423 426 450 511 512 571 574 
-1 11 15 18 19 31 115 118 122 127 129 130 134 197 203 209 210 214 217 223 225 226 227 230 233 245 246 251 256 260 262 305 310 333 345 351 438 494 520 550 565 
-1 14 15 17 41 47 73 94 105 106 127 138 139 142 183 201 207 215 223 231 239 243 254 261 311 361 362 390 391 395 413 474 505 507 521 530 535 569 
-1 10 25 45 67 69 115 119 125 130 139 142 146 155 166 173 174 182 186 203 206 219 221 226 229 231 233 241 242 243 255 266 277 298 303 305 307 353 482 484 487 504 526 536 546 574 578 610 
-1 5 11 31 35 47 58 62 81 91 102 110 123 158 175 208 213 218 223 229 230 233 236 243 250 362 367 395 399 405 407 414 454 470 481 485 486 493 515 523 553 554 557 558 581 595 609 687 
-1 13 18 26 35 46 53 70 81 86 87 107 113 159 161 165 189 190 194 199 202 212 216 223 233 240 241 249 252 261 270 337 349 379 430 441 496 497 510 516 525 530 551 625 
-1 27 29 45 57 67 69 77 83 87 89 123 129 131 145 147 167 170 183 193 199 210 213 214 218 220 221 231 233 234 237 248 254 257 262 265 281 398 425 462 473 489 522 524 526 546 715 
-1 19 31 35 53 66 70 78 82 85 97 114 121 133 141 149 153 155 162 166 173 197 211 214 223 227 233 234 238 247 282 330 410 473 490 497 500 519 524 525 527 528 557 663 711 719 
-1 42 45 54 66 71 95 105 113 122 157 166 178 197 212 225 233 239 240 244 246 257 270 367 371 387 397 488 496 521 524 528 542 551 563 727 
-1 31 38 49 57 78 125 130 131 135 147 159 178 181 193 201 202 206 208 218 224 226 229 230 233 234 240 243 256 261 270 291 309 357 475 494 510 537 542 
-1 5 31 51 55 73 94 97 119 121 122 147 174 189 206 213 218 221 228 231 234 242 243 244 245 246 249 250 258 265 266 315 390 395 403 418 435 449 465 485 489 528 579 
-1 46 50 53 135 141 145 149 198 201 206 207 208 211 213 214 222 226 233 234 237 246 248 250 258 297 351 363 366 387 430 442 465 486 517 521 528 529 533 571 577 607 633 683 
-1 5 19 22 58 83 91 99 117 122 133 154 163 170 212 219 229 230 232 236 238 253 259 298 307 311 319 350 390 441 515 516 535 
-1 11 15 57 58 59 77 87 95 122 149 170 173 183 187 209 230 235 243 245 252 258 286 307 330 397 458 470 494 495 497 521 535 536 542 642 
-1 58 61 77 159 162 169 183 187 199 209 211 214 230 237 238 245 248 255 261 266 343 347 359 401 475 481 502 516 519 535 561 582 634 
-1 66 78 91 107 126 150 182 191 197 212 222 229 233 236 246 248 250 253 256 303 310 398 401 415 462 481 489 497 533 537 571 621 733 
-1 9 10 11 21 23 38 41 71 74 94 113 121 127 141 170 179 199 216 218 219 239 265 286 334 365 405 415 429 483 502 524 647 
-1 1 3 19 27 45 66 71 81 107 123 130 139 159 171 178 198 206 212 215 218 221 227 233 242 244 246 261 267 273 301 317 367 374 439 442 499 511 517 519 534 
-1 3 6 50 81 95 101 107 109 129 165 166 170 173 181 187 207 209 213 216 224 228 229 231 240 242 250 254 258 261 263 350 379 421 442 446 463 489 501 513 520 530 534 537 538 642 
-1 1 2 7 19 21 29 41 49 51 54 57 73 87 105 134 155 162 167 185 187 193 210 218 224 227 231 236 249 260 263 269 347 415 441 451 492 497 557 
-1 7 9 15 42 63 69 78 82 86 99 135 145 149 153 162 182 220 222 234 243 249 257 262 354 355 402 423 457 469 487 504 507 508 512 537 
-1 7 18 51 77 78 90 95 97 101 106 143 145 146 178 183 201 211 212 222 231 232 235 244 248 262 266 299 355 458 485 490 514 530 531 532 565 569 625 
-1 27 34 41 53 82 83 98 113 115 118 122 134 135 146 149 155 169 181 183 201 210 220 222 227 230 236 237 245 249 252 256 260 322 349 353 397 406 413 445 454 467 478 489 492 497 511 514 522 649 744 
-1 1 10 14 21 57 61 62 122 123 126 185 187 197 205 206 210 218 225 226 231 235 238 241 244 251 261 334 351 353 355 357 434 435 482 498 505 521 530 570 682 
-1 21 23 31 62 66 98 111 113 118 138 178 183 191 206 216 218 220 222 238 243 245 248 249 250 253 254 262 293 295 383 434 435 487 493 499 504 512 514 516 532 
-1 14 17 25 26 35 43 61 82 113 115 119 130 142 154 181 187 194 198 214 215 224 227 232 236 242 243 250 254 257 283 343 363 438 457 458 486 488 491 497 508 515 533 
-1 7 37 43 53 79 81 93 106 170 202 206 207 210 212 215 221 228 232 234 236 238 255 260 261 286 293 314 317 367 370 375 395 398 434 455 457 485 489 506 519 535 536 543 569 
-1 27 30 34 43 79 81 107 111 114 121 130 167 179 208 211 222 231 232 249 251 259 260 262 263 270 338 349 383 385 394 395 402 425 439 486 490 498 508 514 653 
-1 6 17 23 38 65 85 101 103 107 147 151 157 166 183 185 189 201 211 218 220 234 238 240 247 248 249 266 311 337 339 361 363 374 417 458 490 506 509 510 515 516 682 
-1 21 30 49 50 59 63 65 71 101 105 109 113 114 130 153 154 165 170 189 209 211 223 224 231 233 243 250 251 259 297 303 329 385 441 469 487 505 508 565 579 637 
-1 1 13 50 59 99 102 118 130 134 154 170 185 194 207 208 214 217 219 222 231 235 244 246 255 338 369 406 425 461 487 513 565 579 
-1 23 29 34 45 71 77 79 122 138 141 146 153 155 174 185 191 208 213 224 225 230 231 232 245 256 261 297 319 393 405 415 431 446 466 499 519 537 541 569 727 
-1 6 49 83 114 133 159 167 173 179 195 212 221 238 243 248 254 263 354 373 425 461 475 492 511 512 516 539 595 639 679 701 
-1 23 31 35 37 45 47 58 61 65 74 98 142 153 169 203 209 211 214 220 227 232 234 245 252 253 255 258 277 326 343 378 379 387 407 421 422 488 489 504 507 509 515 520 553 575 613 626 661 
-1 7 11 17 18 43 65 73 83 93 126 137 149 158 161 166 179 182 186 191 218 220 223 232 236 248 253 258 281 287 333 337 339 346 394 402 483 498 527 535 543 557 
-1 19 27 39 70 75 86 87 102 126 159 161 173 179 183 189 194 205 208 215 216 220 221 227 238 243 249 252 254 255 263 266 291 335 350 367 373 398 406 479 549 557 569 
-1 11 15 29 81 87 91 93 97 102 106 107 139 174 181 182 185 187 190 209 211 216 217 222 223 229 231 247 249 250 255 256 258 259 260 273 285 295 299 306 318 383 430 491 497 507 512 541 759 
-1 15 33 73 83 85 97 118 123 137 145 182 183 195 201 211 218 222 225 230 231 239 243 248 253 257 263 274 279 306 315 326 343 346 391 414 497 498 507 520 
-1 19 47 67 74 75 83 86 89 109 113 114 119 123 138 178 187 214 224 226 228 231 235 237 239 243 244 253 260 262 279 297 321 331 341 419 435 457 467 486 489 496 510 516 522 530 541 566 567 614 661 666 
-1 34 43 62 73 78 94 97 109 145 170 178 182 186 199 218 220 235 241 252 283 287 301 325 350 405 409 483 485 497 509 512 529 573 
-1 6 21 55 71 78 82 105 117 165 181 182 198 208 218 225 226 230 237 242 243 245 251 254 260 263 306 311 358 369 409 439 443 478 503 506 514 521 528 541 551 555 562 683 
-1 1 9 33 54 70 82 83 117 121 127 133 146 151 166 182 195 197 205 207 213 215 221 228 230 239 241 249 253 286 313 339 351 409 422 470 486 522 526 534 566 573 663 
-1 7 17 41 58 74 79 86 89 106 115 118 123 125 130 169 174 186 195 201 211 220 229 237 252 290 346 409 430 439 451 484 492 502 516 525 536 538 570 593 659 726 
-1 7 19 49 59 61 66 77 95 107 113 114 127 150 171 186 197 198 210 212 219 228 236 237 251 255 297 313 315 393 407 486 491 493 500 505 551 575 582 
-1 3 7 17 21 27 49 66 73 121 130 131 137 150 154 155 173 198 199 202 206 209 222 230 261 271 279 331 335 373 394 427 485 495 499 501 518 525 
-1 23 43 47 55 70 86 115 158 170 175 182 195 208 211 216 220 234 238 252 263 411 413 421 485 494 500 514 522 525 528 549 558 559 561 595 650 
-1 14 15 18 22 31 35 50 66 73 74 91 103 129 130 154 174 175 185 193 194 210 237 253 256 260 262 309 327 331 345 365 391 397 438 453 479 481 486 492 541 573 651 
-1 6 21 37 38 39 57 62 66 69 73 78 81 86 87 106 122 127 143 149 165 169 177 194 199 211 220 222 226 234 249 251 252 262 286 402 410 429 430 443 483 489 491 492 496 500 524 527 550 
-1 3 5 7 13 27 47 50 53 77 89 101 103 109 111 113 115 126 137 141 151 183 185 191 199 208 224 228 242 247 249 250 254 256 257 298 342 366 390 441 478 502 503 507 508 512 524 527 535 558 
-1 5 19 27 30 33 50 58 78 115 123 125 147 166 173 189 202 211 228 234 236 238 240 242 254 258 260 261 343 345 357 367 393 399 437 439 451 489 491 492 494 516 526 575 582 
-1 29 37 70 86 95 103 111 146 155 157 175 177 195 213 214 215 221 227 228 239 240 242 247 252 253 261 270 273 354 366 386 427 442 445 503 504 511 512 522 533 545 607 
-1 2 7 15 26 30 53 58 67 94 101 121 125 150 151 154 155 177 197 208 221 237 242 244 286 314 338 342 406 475 489 490 497 501 508 533 606 625 
-1 5 14 19 34 35 77 86 107 133 143 149 178 179 191 199 211 224 231 233 235 239 242 243 250 255 269 277 291 307 334 378 406 470 517 533 561 571 598 
-1 1 5 27 31 39 42 46 85 90 94 119 165 178 193 199 210 229 237 263 265 377 414 451 473 483 488 491 501 512 517 549 557 577 706 
-1 6 9 15 17 18 29 30 39 66 69 79 89 91 106 109 113 115 127 135 146 151 179 197 201 207 210 212 214 223 231 233 241 243 247 249 341 374 395 426 458 483 497 499 515 516 524 542 562 579 615 727 
-1 1 15 17 34 66 107 163 175 185 187 219 229 230 231 232 236 248 251 252 255 260 262 263 266 271 383 386 397 429 431 442 449 465 482 508 511 513 516 517 526 528 533 547 581 714 
-1 2 23 47 49 50 59 69 87 114 117 139 159 179 206 214 224 228 234 241 245 255 282 322 347 431 439 486 490 493 497 520 528 570 571 
-1 26 41 50 55 66 91 93 123 127 143 165 169 177 179 186 190 199 206 207 213 217 219 220 222 225 234 237 240 241 244 245 250 278 290 357 386 429 433 435 503 506 539 543 579 
-1 10 29 42 57 74 133 147 149 165 183 203 209 216 223 225 227 231 237 243 244 245 246 258 263 289 331 333 338 382 409 429 435 462 491 501 503 505 534 535 571 669 713 735 
-1 7 25 27 34 70 77 85 110 111 121 126 131 143 153 177 182 203 208 211 216 219 237 239 245 247 294 303 317 359 391 453 466 470 496 514 516 521 534 606 
-1 3 31 34 49 66 73 78 79 87 89 118 123 138 143 146 195 211 223 225 229 230 231 235 238 242 253 256 257 258 260 326 387 407 411 445 473 499 516 522 531 535 555 581 665 
-1 13 18 27 30 63 73 81 113 134 145 163 167 178 193 201 206 209 212 213 215 217 224 225 232 233 242 246 253 259 287 322 347 403 518 524 559 657 709 
-1 18 22 30 33 34 37 38 46 49 67 77 79 99 119 123 130 134 149 151 163 193 202 203 208 210 235 242 244 253 289 335 342 353 367 374 382 395 462 482 502 514 531 536 566 613 658 
-1 10 49 51 101 114 117 127 166 174 185 190 198 207 210 233 246 256 329 334 345 451 459 488 491 495 517 529 541 
-1 5 14 25 33 43 57 59 71 74 90 95 117 122 159 181 195 207 215 217 227 230 234 237 238 245 253 258 260 262 281 285 349 369 402 403 435 475 505 529 615 694 
-1 7 21 35 38 45 57 58 82 94 97 99 102 114 134 139 141 157 163 178 206 217 230 233 234 236 237 245 281 282 349 358 370 455 491 505 508 511 518 529 595 678 729 
-1 1 5 9 34 38 43 57 67 73 87 99 123 127 129 133 134 135 139 146 147 157 182 186 187 209 212 214 215 219 233 247 248 259 295 297 347 357 459 524 529 533 
-1 15 21 34 37 58 71 97 105 109 111 121 154 165 170 183 209 210 211 214 218 228 249 256 260 263 363 366 386 458 494 501 508 553 567 570 
-1 3 6 11 17 19 39 45 55 63 70 75 87 101 106 122 137 139 143 157 173 182 186 193 198 199 211 213 217 229 232 233 248 321 343 349 451 494 533 536 545 546 563 569 631 
-1 5 7 10 18 21 22 23 25 45 55 63 75 98 101 106 109 127 133 135 147 157 183 186 199 201 207 208 210 213 219 228 229 233 242 249 261 330 365 389 393 411 486 502 504 539 557 667 
-1 7 10 11 18 33 50 61 74 79 86 90 94 105 110 119 123 125 146 161 185 189 252 254 256 262 295 301 357 507 520 543 546 555 559 561 575 583 
-1 29 75 83 93 94 110 115 126 129 139 141 162 165 167 173 174 183 203 228 234 239 240 241 252 253 254 326 354 363 365 487 490 501 517 520 525 538 
-1 10 19 34 51 54 81 83 91 93 95 102 111 115 118 126 157 165 170 177 178 186 194 199 201 210 219 220 231 238 254 257 319 454 467 506 515 532 538 543 550 577 651 
-1 6 7 46 49 73 77 85 86 93 102 107 122 125 142 149 151 167 173 177 178 179 205 214 215 216 224 225 237 250 262 303 325 329 543 545 553 562 567 569 573 574 
-1 2 9 14 21 26 33 43 49 62 74 85 91 101 103 107 117 119 122 143 145 166 170 206 215 227 234 243 258 259 322 333 353 410 421 462 504 510 542 551 554 559 562 579 
-1 10 11 17 22 29 47 54 57 73 74 90 129 138 145 150 154 161 166 169 193 215 226 228 234 238 246 253 313 326 433 447 493 507 508 515 529 553 578 
-1 42 58 70 73 101 109 134 163 183 223 245 255 291 391 488 516 532 559 571 
-1 7 11 14 21 35 39 46 55 63 69 71 75 83 86 89 91 99 102 115 117 131 143 145 155 159 166 189 190 201 202 213 216 220 224 226 254 259 286 307 350 389 395 474 505 535 550 
-1 22 27 54 58 77 82 114 131 139 147 150 178 182 199 221 235 238 247 249 255 470 493 504 511 538 545 546 
-1 14 17 31 46 51 61 62 67 74 85 95 101 123 142 149 162 183 194 201 207 209 221 229 241 246 248 250 256 259 302 330 366 517 522 530 557 577 578 583 
-1 6 11 30 37 43 45 59 63 81 83 93 97 137 139 161 194 205 210 235 241 249 253 254 279 291 298 351 363 381 398 410 417 422 462 475 513 534 536 559 573 669 
-1 7 13 17 23 34 37 41 46 47 50 77 83 89 106 107 110 153 181 202 203 206 213 227 254 257 263 271 322 378 485 501 518 546 547 559 570 
-1 2 11 14 25 26 41 51 57 69 70 77 98 118 119 122 126 127 154 165 173 198 206 217 219 231 238 249 252 256 260 303 338 341 351 354 430 473 508 670 699 
-1 23 29 42 53 75 78 79 97 101 102 105 117 123 125 130 133 135 139 142 145 146 161 166 167 183 193 194 197 201 216 226 228 232 234 313 351 397 439 467 470 487 496 523 537 541 543 555 582 
-1 11 37 59 62 63 67 75 107 109 115 126 135 150 162 183 189 199 203 208 209 226 231 243 250 258 357 486 493 509 524 539 547 550 682 
-1 2 3 17 31 34 38 49 55 75 90 101 109 118 119 122 147 166 185 201 205 218 222 417 493 495 498 543 571 
-1 1 2 5 19 33 34 37 42 62 78 83 99 111 127 130 133 142 143 149 153 179 183 189 201 203 207 209 213 214 235 236 238 239 241 245 249 303 334 382 495 530 532 538 550 571 575 578 581 
-1 9 14 25 29 37 45 47 73 77 85 95 99 103 111 114 153 158 161 162 163 166 181 201 216 219 222 224 227 230 235 237 239 247 254 261 262 370 371 492 502 510 528 530 532 541 
-1 7 9 17 22 39 58 65 67 70 78 83 99 101 105 107 122 142 149 150 161 162 187 206 218 220 253 257 258 260 262 294 330 351 378 447 462 470 483 491 553 562 581 642 
-1 2 10 27 35 37 49 97 106 107 110 117 131 143 146 161 174 177 179 199 202 203 205 212 216 236 244 245 251 253 256 283 342 363 385 422 426 431 449 473 498 504 518 523 531 533 539 547 558 573 721 
-1 13 25 27 35 37 39 41 45 55 67 77 89 106 115 117 131 141 142 147 154 155 159 169 170 175 178 179 203 206 208 223 225 227 231 238 239 293 313 337 386 411 427 454 459 473 536 551 566 
-1 5 10 15 66 73 81 91 97 99 101 115 126 137 149 155 157 167 190 191 195 197 202 205 209 216 221 223 226 231 250 259 402 418 521 523 534 545 558 570 614 
-1 11 22 23 35 47 50 58 62 73 101 105 133 138 150 161 162 166 169 175 178 190 217 222 238 239 242 243 248 250 258 260 361 423 447 496 502 508 542 543 583 642 
-1 2 13 19 30 39 46 47 61 71 90 103 122 135 146 171 174 186 201 205 209 238 240 244 249 257 258 318 343 466 474 484 494 517 528 539 551 577 617 
-1 27 30 38 46 54 61 99 101 106 113 117 119 122 127 137 150 163 179 190 216 218 223 226 228 237 246 256 257 259 350 382 458 486 533 542 549 573 701 
-1 9 14 22 29 35 37 41 57 70 93 109 125 142 167 175 179 181 189 195 215 237 238 241 244 250 253 361 386 478 493 505 513 537 541 558 561 562 
-1 3 23 33 46 47 59 65 73 75 78 85 115 123 126 131 150 159 170 182 186 198 201 205 211 215 221 225 237 247 250 254 259 330 351 377 398 415 449 471 488 490 496 513 526 536 562 574 
-1 11 18 23 31 33 57 62 63 71 83 107 155 186 190 194 195 201 202 212 218 227 230 243 255 258 262 287 322 333 371 389 433 451 475 491 515 530 536 575 
-1 2 9 17 18 21 22 30 41 45 51 57 63 81 83 95 107 127 130 145 153 162 163 169 171 175 178 193 212 215 220 230 231 237 240 250 254 256 259 262 286 309 342 361 405 491 498 563 575 583 
-1 3 26 35 37 50 121 123 138 157 158 162 174 195 201 202 209 210 215 239 243 244 245 258 285 291 297 345 379 385 398 442 477 506 530 532 562 566 582 685 
-1 3 15 23 26 33 35 41 57 58 59 69 73 102 106 131 139 146 173 174 178 185 201 216 221 230 233 241 244 247 250 251 252 257 259 261 262 322 443 469 478 491 505 507 534 538 566 718 
-1 3 43 70 86 94 103 111 117 125 127 129 130 143 145 149 151 154 155 159 195 198 202 203 206 212 228 229 234 239 244 245 246 249 250 255 263 286 322 339 394 490 505 519 535 582 703 727 734 
-1 5 13 14 57 63 77 79 90 95 97 114 123 125 126 129 130 131 134 147 159 161 171 173 177 178 179 190 197 210 222 259 270 274 306 501 511 533 574 575 655 
-1 9 30 37 46 99 105 114 125 137 186 190 208 214 229 238 247 253 305 311 542 563 565 
-1 17 23 31 65 94 122 125 157 163 175 190 195 201 203 207 210 215 223 224 226 244 246 251 254 255 278 342 347 362 467 479 513 514 545 551 578 
-1 2 5 22 23 27 29 37 43 51 53 57 78 81 82 89 90 101 110 117 139 178 185 191 197 201 202 207 210 245 347 375 398 512 534 547 583 642 
-1 13 19 27 43 45 58 62 77 78 89 105 114 117 126 127 147 155 162 182 187 197 202 215 218 224 226 228 233 240 248 254 257 260 291 317 335 383 410 450 463 532 533 545 547 567 575 
-1 3 15 22 45 53 59 62 70 75 78 107 109 111 115 119 134 137 150 158 171 182 186 194 203 222 232 236 241 242 249 260 262 290 355 395 398 451 466 471 514 530 534 551 554 617 651 669 
-1 6 13 21 47 49 54 61 73 79 87 97 101 111 133 147 150 159 199 211 212 216 225 228 238 250 260 261 269 306 310 403 474 550 575 642 711 
-1 2 9 35 63 73 81 95 98 102 107 118 122 138 157 171 177 186 190 195 202 208 214 218 236 242 243 249 262 294 305 331 354 399 459 500 536 538 
-1 11 29 33 47 54 59 71 81 105 113 143 153 155 157 159 165 177 178 191 202 219 223 224 229 241 247 253 259 369 415 439 443 446 458 484 485 501 519 542 547 551 570 573 623 
-1 13 14 21 45 54 61 65 66 67 71 79 83 90 105 113 125 127 143 151 158 171 185 191 194 198 201 205 209 215 216 219 221 231 244 248 251 252 257 259 262 263 275 427 431 493 506 525 536 541 733 
-1 7 39 43 55 67 70 86 118 157 171 190 211 218 225 234 251 265 267 275 305 345 353 366 399 474 487 500 524 
-1 1 2 6 18 39 74 106 107 115 129 146 147 149 167 186 219 221 231 234 251 253 258 259 291 402 475 502 517 522 538 553 577 
-1 14 15 19 26 34 46 69 82 98 107 109 113 119 135 142 150 157 166 167 171 190 193 203 210 222 224 225 236 239 246 252 255 261 273 285 313 330 342 347 350 445 497 525 553 559 583 
-1 2 3 9 27 29 45 50 85 97 105 111 123 142 143 150 151 154 166 183 198 203 209 212 213 230 233 253 258 260 306 347 393 407 426 477 513 521 528 546 565 583 750 
-1 6 11 17 21 51 61 75 103 106 109 111 115 141 147 155 167 182 190 209 220 223 229 230 237 247 274 277 289 290 322 395 411 414 489 551 574 581 666 714 
-1 7 25 31 53 61 67 79 85 93 107 111 126 131 133 138 139 145 157 191 207 214 236 271 317 375 397 403 406 463 478 512 554 559 567 
-1 1 2 18 21 38 78 86 94 98 110 111 113 129 147 169 178 206 229 235 242 260 269 302 319 367 409 488 495 496 520 532 682 
-1 13 14 25 30 34 49 66 78 79 83 87 90 91 118 121 141 145 147 151 166 173 183 199 203 207 211 214 216 235 239 243 246 248 249 254 256 298 337 351 379 382 431 458 502 511 542 
-1 15 18 23 33 67 85 126 127 138 139 149 179 194 197 201 217 218 221 224 226 232 240 243 245 257 271 291 389 394 462 501 545 555 565 
-1 5 7 27 30 31 45 49 53 65 73 77 86 90 105 122 143 162 174 177 201 205 214 216 225 234 239 241 245 249 259 269 343 415 490 510 519 555 573 
-1 2 6 38 46 57 71 73 94 145 191 193 208 210 222 231 235 249 251 253 255 286 305 334 335 405 449 471 506 519 520 524 531 543 565 577 646 
-1 10 14 21 33 38 47 49 58 73 75 87 90 107 138 155 163 166 167 170 181 189 191 199 224 228 242 246 254 262 310 331 342 367 399 466 467 489 519 549 563 
-1 305 335 367 438 453 471 487 499 513 520 534 606 617 645 657 658 662 673 729 
-1 114 275 287 301 319 377 395 433 455 488 494 500 502 508 512 523 530 531 536 569 625 645 687 689 705 
-1 15 38 81 231 302 418 434 459 474 487 488 491 493 502 504 510 512 516 525 526 607 623 631 633 634 642 669 690 725 
-1 203 270 357 371 379 466 467 475 486 502 507 508 512 551 597 623 
-1 118 153 285 318 355 362 385 419 473 493 512 518 528 536 619 621 723 
-1 245 293 295 309 329 346 351 359 378 405 421 441 446 467 471 487 498 512 518 520 530 610 630 634 642 685 735 
-1 35 49 277 311 321 325 377 470 487 488 493 497 503 514 516 526 570 601 605 609 641 666 722 
-1 17 237 327 331 333 369 370 469 482 486 487 488 491 496 508 511 517 526 527 643 645 655 673 679 
-1 110 232 270 289 305 337 353 374 423 425 434 435 457 484 500 507 508 511 518 521 522 527 619 625 627 710 726 729 
-1 131 212 270 271 279 306 317 318 341 357 391 393 411 415 426 434 441 490 504 508 510 515 526 528 549 602 610 671 697 699 706 721 
-1 54 138 198 210 271 273 285 321 349 350 357 410 422 463 471 490 497 499 501 506 518 521 536 618 619 666 710 
-1 133 251 283 317 355 370 377 427 439 454 483 485 492 495 518 519 526 533 563 603 646 663 667 697 737 758 
-1 102 267 303 311 354 362 390 401 429 451 492 502 518 537 597 601 606 665 
-1 111 146 294 305 390 439 483 493 515 521 524 536 623 633 685 733 
-1 131 259 273 297 326 379 382 383 387 415 422 443 463 484 487 493 515 521 536 617 623 659 687 690 734 
-1 114 193 277 285 317 318 323 329 333 382 406 435 463 467 469 473 486 492 493 496 509 510 517 520 524 529 534 603 637 649 718 
-1 17 119 170 266 270 273 295 298 301 319 326 329 371 397 473 486 494 497 498 504 515 651 719 723 
-1 51 135 245 273 279 307 319 325 327 331 382 399 469 488 494 498 499 500 503 513 527 532 605 631 678 718 
-1 125 274 298 309 354 362 426 484 486 487 494 507 512 618 637 647 686 710 
-1 315 319 330 347 374 379 402 405 418 425 441 459 467 484 485 488 498 501 521 526 602 614 629 666 671 
-1 287 323 329 331 409 411 419 451 471 497 512 519 535 613 647 674 706 719 727 729 
-1 279 309 450 475 487 493 498 507 508 512 520 532 655 687 701 
-1 135 222 281 297 306 310 359 395 419 425 437 453 471 477 495 514 519 525 527 528 533 534 535 597 601 617 621 651 663 
-1 82 119 270 295 321 329 381 461 493 496 500 503 518 522 524 525 529 536 605 617 643 654 662 698 706 
-1 129 162 243 287 339 391 398 446 489 493 497 501 517 518 520 521 522 534 603 615 661 673 706 726 
-1 197 227 266 302 311 327 339 427 465 483 496 500 509 526 531 654 697 718 726 737 
-1 261 310 314 354 361 363 405 409 418 430 463 495 497 520 523 629 666 685 737 
-1 25 158 231 281 286 327 347 421 442 486 489 491 502 507 561 610 617 685 722 
-1 41 411 486 492 508 514 521 535 629 645 694 711 
-1 146 307 395 419 438 443 471 499 501 530 534 605 634 642 657 
-1 13 175 278 283 289 291 322 330 450 482 483 489 493 495 498 502 507 520 597 647 657 690 694 
-1 34 205 278 321 322 345 354 381 406 417 441 478 482 487 488 505 509 510 512 513 514 524 532 536 599 601 615 626 635 643 699 706 714 
-1 239 271 314 333 369 430 474 494 496 503 512 605 611 614 617 647 670 
-1 186 211 237 345 397 406 415 419 458 471 488 499 522 531 621 633 666 677 723 725 
-1 107 166 281 370 377 385 463 471 475 491 495 496 500 504 507 508 516 522 523 638 639 694 695 734 
-1 149 295 334 335 341 349 386 478 483 484 498 515 603 611 654 679 702 717 
-1 145 273 287 298 341 394 409 423 483 488 500 506 513 514 521 526 529 558 625 679 714 722 
-1 94 161 169 246 289 301 331 401 406 421 422 453 463 484 490 492 497 507 513 519 523 527 613 702 706 709 
-1 22 285 303 330 331 334 337 357 395 458 491 503 507 511 518 521 531 577 623 633 682 710 
-1 346 369 410 414 423 451 501 504 514 515 522 523 530 598 609 666 667 671 673 697 699 707 713 717 735 
-1 149 271 289 365 394 405 477 499 515 519 535 646 653 695 
-1 271 273 303 334 414 417 459 488 490 500 508 513 518 525 529 534 575 599 685 698 730 
-1 114 162 315 317 321 322 329 349 350 434 442 443 484 492 494 496 503 506 513 517 533 536 634 646 674 701 727 
-1 117 162 175 289 334 409 486 490 494 504 515 516 518 528 531 532 649 657 661 674 686 689 709 
-1 81 181 279 285 295 302 313 349 350 395 402 451 489 501 502 505 519 520 526 530 536 567 651 735 
-1 118 213 273 274 290 313 373 394 398 410 477 482 488 490 495 504 510 513 514 515 519 525 663 670 717 
-1 244 248 293 450 455 477 482 495 509 510 522 524 603 609 626 642 646 647 654 657 665 711 
-1 70 201 347 386 387 393 422 437 469 475 478 489 494 500 501 503 519 529 530 531 595 617 649 689 733 
-1 65 145 273 274 315 358 369 387 402 425 487 492 515 518 519 528 534 541 626 639 657 730 
-1 26 252 277 317 326 329 366 386 413 442 455 477 491 518 524 528 531 536 562 643 662 687 707 714 734 
-1 21 143 338 492 497 498 501 507 516 518 521 527 530 531 629 659 669 697 710 711 
-1 182 273 301 306 347 355 373 382 397 398 406 469 478 484 491 498 500 533 621 634 673 
-1 55 299 301 318 359 398 419 427 431 435 498 503 506 521 531 532 654 670 709 
-1 61 101 145 287 311 329 361 391 397 415 425 441 478 492 493 494 517 530 611 615 622 623 639 650 655 665 725 
-1 43 103 269 270 286 375 383 399 401 425 435 467 477 488 494 503 508 516 518 520 693 698 718 723 
-1 18 159 311 334 337 406 411 419 426 446 471 484 488 499 514 530 531 536 606 623 633 638 665 673 733 735 
-1 251 273 298 323 381 414 446 454 492 493 512 519 529 534 637 693 726 
-1 242 269 285 289 314 339 382 435 483 492 511 520 524 525 526 527 529 610 650 691 725 
-1 122 322 342 390 414 443 489 500 501 504 523 524 525 582 638 653 655 673 674 691 731 
-1 23 47 83 191 269 270 277 326 377 417 418 425 433 438 446 492 500 505 507 512 513 522 523 536 567 601 605 637 685 705 706 
-1 205 278 341 371 394 406 427 484 496 500 505 513 611 651 682 
-1 14 58 250 293 301 319 355 365 443 465 466 492 509 533 599 647 721 
-1 277 309 354 359 439 454 477 483 486 487 489 493 497 502 512 513 524 525 535 536 666 
-1 37 61 138 142 146 181 274 291 365 374 381 397 405 413 487 509 511 517 518 519 520 562 607 627 651 697 707 714 733 
-1 277 290 309 363 374 402 403 439 441 451 454 486 488 512 513 516 519 520 526 527 533 577 695 701 
-1 83 105 222 267 271 293 297 349 355 359 383 386 390 406 427 435 459 493 496 510 520 526 546 621 683 734 
-1 61 95 193 282 314 343 377 445 463 471 485 495 514 515 606 617 687 689 735 
-1 93 117 190 267 277 306 307 313 338 386 419 481 488 498 516 530 645 654 673 701 727 734 
-1 9 247 295 301 310 363 411 425 443 478 479 488 489 490 504 506 507 510 511 514 524 527 532 536 610 642 645 671 730 731 
-1 22 98 162 267 326 354 369 385 391 401 405 461 482 483 486 488 489 499 504 505 506 525 532 639 645 678 702 
-1 223 278 294 331 349 365 471 479 485 486 487 495 496 504 510 514 517 518 521 526 531 582 597 630 691 698 705 
-1 178 411 418 455 487 492 494 496 499 501 506 528 529 536 634 679 701 705 734 
-1 91 213 265 266 315 318 319 377 403 467 473 497 500 512 517 525 527 532 611 614 633 666 698 730 
-1 146 265 290 343 361 469 475 484 501 513 515 525 530 531 579 626 663 686 703 709 
-1 234 246 283 358 385 393 402 406 409 450 469 491 493 495 496 505 506 512 517 520 529 531 533 602 
-1 1 42 98 143 267 287 385 486 497 499 502 512 519 520 522 526 662 670 678 721 725 
-1 110 270 285 294 425 429 451 453 463 465 487 494 496 498 500 501 509 530 625 657 670 687 693 710 
-1 54 227 282 337 373 425 478 483 485 486 491 495 496 499 512 515 526 533 637 679 
-1 309 313 330 331 358 361 482 529 542 603 613 631 659 
-1 57 299 307 349 385 386 405 410 418 438 473 491 497 505 507 510 514 523 533 599 655 663 
-1 270 289 305 306 358 366 387 415 426 427 469 474 488 491 492 493 510 534 618 627 671 718 722 
-1 46 286 287 291 331 345 357 378 386 418 454 465 487 496 511 516 522 531 727 
-1 281 309 326 477 484 489 531 634 651 687 689 735 
-1 225 236 321 325 329 402 425 439 445 489 494 495 499 510 520 598 606 657 665 669 711 
-1 37 51 85 179 275 293 301 377 387 486 489 496 521 707 722 731 734 
-1 87 331 337 366 383 397 429 453 484 492 493 494 497 498 504 525 550 562 613 699 735 
-1 31 55 279 311 317 343 350 361 411 415 438 505 509 516 517 535 553 578 621 629 642 650 698 701 713 733 
-1 354 387 445 463 466 473 485 496 499 509 534 615 689 699 
-1 203 218 269 289 313 386 410 418 419 483 486 488 494 499 501 506 507 513 525 567 625 631 685 698 
-1 299 398 399 498 501 507 508 509 526 528 563 623 678 711 735 
-1 178 242 310 311 407 410 417 418 474 483 486 495 496 528 606 633 670 682 689 729 
-1 70 305 306 367 375 399 407 425 453 458 490 492 494 496 513 519 536 654 691 698 715 
-1 70 291 363 441 450 492 505 507 509 512 516 518 520 528 530 534 621 
-1 46 89 119 395 409 423 425 426 442 450 457 462 473 488 492 503 506 515 536 603 639 650 675 
-1 14 273 407 481 486 505 506 513 515 516 518 533 534 614 619 639 669 727 
-1 306 319 325 338 345 369 389 405 406 418 423 441 473 485 489 496 513 523 536 603 683 705 711 730 
-1 242 370 383 386 414 434 469 477 483 493 494 498 500 506 507 631 641 
-1 62 274 382 401 433 486 494 495 497 501 503 506 510 523 531 622 623 710 
-1 279 298 327 362 363 417 470 495 510 513 519 524 607 637 737 
-1 270 275 277 290 305 315 331 342 351 373 383 397 429 462 495 524 530 559 599 639 645 654 677 726 
-1 190 231 287 386 426 447 482 487 504 507 508 518 519 531 533 605 607 610 619 689 691 
-1 17 277 293 298 313 319 407 487 504 508 514 520 521 527 591 619 647 671 677 690 691 709 
-1 34 187 275 279 301 329 365 373 393 397 438 453 477 483 513 520 524 525 529 570 617 641 686 
-1 175 273 314 353 387 399 409 411 457 465 467 483 489 493 501 502 518 521 522 611 637 645 649 698 699 703 
-1 51 197 307 322 363 367 389 415 442 486 490 495 498 500 510 520 523 526 627 639 699 711 
-1 265 299 330 333 401 447 473 489 495 500 501 503 513 515 526 561 603 639 669 687 
-1 202 274 291 310 335 379 394 415 421 462 487 492 502 511 514 524 529 546 602 603 631 647 
-1 139 298 326 329 415 423 425 441 479 485 493 503 525 526 619 667 671 702 719 
-1 29 202 266 310 347 351 374 381 414 462 465 467 484 492 495 497 504 505 519 529 598 621 646 654 689 
-1 183 270 317 319 322 335 381 426 461 469 479 495 500 503 519 524 527 531 532 685 709 731 
-1 271 277 299 302 351 365 398 459 483 501 519 521 535 606 645 701 737 
-1 211 278 302 430 437 462 483 505 506 507 522 526 531 595 610 621 633 675 677 701 734 
-1 38 126 305 309 358 359 377 399 465 471 485 493 494 495 496 497 499 513 516 517 523 526 581 607 617 670 683 729 737 
-1 161 216 269 270 275 287 345 450 458 485 487 499 502 503 530 532 615 642 657 689 
-1 219 321 450 471 495 496 497 500 503 507 520 529 533 534 610 645 657 666 711 
-1 29 103 283 321 399 415 465 483 490 496 503 505 508 510 518 525 530 531 563 597 611 623 633 685 691 723 731 743 
-1 283 305 361 393 410 425 446 495 503 508 512 515 522 526 531 536 594 595 613 642 653 662 673 710 734 
-1 41 143 285 341 362 395 411 439 446 447 490 492 499 500 509 510 514 519 524 527 530 598 617 653 657 
-1 189 271 275 278 294 335 346 366 367 382 403 439 471 484 488 502 507 516 517 522 603 623 654 659 667 671 681 
-1 165 286 386 430 453 485 492 501 509 522 526 530 601 605 610 629 649 651 683 
-1 275 282 294 321 342 353 429 451 458 484 506 508 509 513 517 524 598 609 658 667 675 
-1 236 274 321 334 343 367 370 371 395 402 415 438 450 459 483 488 505 521 522 528 536 626 655 679 695 702 717 737 
-1 145 281 299 317 331 386 398 401 419 435 439 453 485 519 528 617 623 662 685 
-1 26 134 158 399 401 425 483 489 494 505 507 583 597 617 637 643 651 677 678 698 723 733 
-1 45 109 267 290 297 327 337 374 406 415 421 435 459 463 466 471 475 510 512 526 527 618 649 718 
-1 305 327 335 339 365 370 414 430 434 457 465 466 470 482 486 489 507 514 528 531 535 595 605 617 631 665 687 689 
-1 155 293 330 351 359 402 410 445 457 482 486 510 511 528 618 653 655 682 702 
-1 271 281 293 317 343 362 422 438 446 462 473 486 488 498 499 506 511 530 533 535 647 655 722 733 
-1 211 270 334 378 453 458 489 506 513 524 525 531 609 662 709 730 
-1 317 318 385 409 414 437 477 487 497 501 508 510 514 528 532 535 637 677 682 
-1 6 150 273 354 433 446 458 461 473 483 484 493 495 505 517 518 528 533 534 536 621 681 711 737 
-1 263 303 330 341 350 399 411 439 459 485 486 507 530 533 599 641 663 669 683 690 
-1 23 201 220 295 310 342 346 387 405 413 429 450 451 453 495 507 510 517 522 523 526 529 617 645 650 651 663 
-1 277 279 294 318 322 325 330 334 405 407 465 481 490 509 515 516 519 520 526 531 610 614 635 645 654 655 659 734 
-1 94 146 226 355 367 369 383 387 409 414 446 467 488 495 512 582 605 667 
-1 43 121 154 275 278 370 382 410 413 419 459 504 516 520 521 529 530 614 621 667 702 703 707 717 718 
-1 298 302 383 402 405 462 485 499 503 524 527 530 533 535 554 614 625 638 639 651 653 658 703 709 721 
-1 23 141 189 285 301 367 374 379 381 387 422 477 494 498 507 511 519 529 530 534 615 625 626 627 639 645 674 695 702 725 729 730 
-1 93 318 331 366 371 377 381 399 459 484 486 488 490 507 522 526 536 558 663 685 715 722 
-1 31 55 349 382 401 451 485 486 493 495 497 501 516 569 614 661 665 
-1 141 269 317 342 418 431 501 517 526 531 536 542 650 670 685 686 689 694 698 701 734 
-1 207 279 307 314 398 466 473 487 492 499 503 618 637 665 694 
-1 13 115 269 298 303 330 375 387 395 399 462 496 501 506 516 522 524 530 531 532 681 686 695 709 733 734 
-1 9 23 265 305 330 343 345 351 457 489 492 496 514 522 524 527 610 611 
-1 203 285 295 303 309 319 331 374 495 500 503 509 511 599 606 611 663 675 685 697 698 715 719 733 
-1 179 278 302 357 377 385 439 484 489 491 493 495 498 499 506 512 515 520 522 531 603 609 645 
-1 181 285 341 387 391 407 447 486 487 491 494 497 510 511 517 519 522 524 525 532 534 659 705 715 
-1 110 195 227 265 298 335 355 399 405 406 414 417 435 450 465 486 492 494 499 500 505 506 509 520 522 524 525 670 719 735 
-1 7 33 115 206 294 325 326 349 387 403 410 414 419 421 437 443 487 492 509 514 535 603 605 614 657 713 
-1 291 298 410 478 484 494 496 506 521 534 571 638 722 753 
-1 203 271 283 285 313 315 353 411 490 491 497 506 514 520 521 523 615 619 629 675 722 726 
-1 87 203 290 297 310 325 335 367 389 443 492 495 498 508 514 519 521 532 605 635 642 655 693 727 
-1 171 275 415 433 446 459 477 479 491 496 501 505 519 521 529 551 614 707 714 
-1 269 273 293 298 310 386 395 402 418 463 469 470 474 488 498 499 503 508 509 519 520 529 654 667 713 
-1 55 310 330 331 363 374 390 434 489 514 519 520 521 570 615 654 693 718 725 
-1 13 178 265 287 317 347 393 407 414 459 483 486 489 492 496 502 512 513 515 519 526 536 605 613 647 661 735 
-1 282 330 338 381 399 415 419 423 469 474 491 493 507 510 625 658 674 698 713 
-1 90 122 281 317 341 342 361 373 407 423 454 486 492 495 498 502 505 534 535 550 609 645 651 689 
-1 285 347 351 377 426 481 494 511 526 531 533 602 630 682 717 726 
-1 303 305 326 331 350 371 409 478 482 485 488 498 505 508 512 514 528 634 706 733 
-1 279 303 321 337 354 359 385 394 407 414 445 470 471 494 508 511 513 516 531 533 567 615 635 658 686 
-1 79 240 269 322 366 379 381 383 411 434 438 482 488 494 511 518 520 521 524 527 535 713 
-1 98 170 286 319 377 379 435 445 483 487 492 504 510 514 515 519 524 531 532 534 623 631 665 683 705 
-1 54 183 190 286 289 293 373 379 401 405 419 427 505 508 521 522 533 536 603 615 647 
-1 97 147 227 250 282 330 381 387 422 433 454 467 482 488 489 493 503 513 516 526 531 603 615 661 702 709 731 
-1 266 301 345 353 361 367 395 442 454 459 471 486 487 489 499 502 503 505 508 511 516 524 529 533 535 536 537 598 599 622 667 690 694 695 726 
-1 122 274 285 294 307 313 438 490 493 500 508 514 521 525 528 533 535 627 635 685 687 699 733 735 
-1 110 317 390 446 463 466 477 488 496 512 517 519 521 525 528 535 595 597 637 666 685 713 719 726 
-1 3 102 157 297 343 410 421 446 487 505 506 512 522 555 610 633 654 663 689 730 
-1 159 267 277 317 343 358 362 421 430 434 474 492 498 504 505 506 507 510 513 516 520 521 530 539 566 605 649 726 
-1 197 242 287 318 365 409 449 483 484 487 491 496 499 507 511 522 529 531 599 639 690 694 
-1 183 219 277 323 330 359 407 411 431 474 498 502 507 510 513 522 523 529 530 532 535 619 682 710 713 731 
-1 269 302 315 325 366 389 391 407 430 473 484 489 506 509 511 514 520 524 532 659 686 697 701 734 
-1 19 274 311 354 367 438 474 514 523 531 665 733 
-1 66 177 226 274 289 307 311 321 366 399 410 458 473 485 489 493 503 510 517 520 531 581 642 685 702 734 
-1 161 218 290 399 463 483 493 497 499 506 510 511 514 598 607 629 647 703 710 
-1 14 257 285 309 350 375 381 387 393 411 425 465 509 510 524 595 610 619 710 729 
-1 119 279 289 301 327 342 343 371 385 421 426 435 477 483 486 487 489 524 527 532 533 534 536 637 639 645 714 
-1 13 295 317 335 387 395 413 437 461 469 471 497 511 513 517 521 522 524 532 535 670 681 698 723 726 
-1 279 287 311 319 327 366 394 410 423 429 439 441 446 469 478 498 501 519 520 522 534 627 641 694 
-1 62 137 138 313 326 333 342 378 409 463 487 489 505 513 516 524 613 630 665 734 
-1 5 211 218 301 330 334 373 389 481 500 501 518 526 530 554 595 617 709 711 723 730 
-1 295 321 363 387 433 473 490 504 517 522 525 526 527 528 563 583 615 687 
-1 131 170 267 290 329 342 350 369 373 391 406 410 414 435 441 469 492 493 497 520 625 635 659 698 702 714 717 719 726 
-1 387 402 433 491 496 500 506 508 513 609 635 653 705 710 725 
-1 21 46 177 178 232 283 294 343 355 382 430 458 461 483 491 501 517 518 533 536 601 611 643 686 719 729 734 
-1 301 305 330 394 403 463 485 487 497 505 508 519 521 523 526 532 614 617 639 641 687 
-1 106 141 190 269 293 294 310 405 413 492 497 498 502 505 509 510 519 524 532 534 543 601 609 614 682 762 
-1 266 286 303 325 345 406 411 485 488 496 498 501 525 528 621 625 645 662 677 682 713 725 
-1 219 401 411 418 450 513 516 531 532 534 536 601 618 635 695 702 
-1 105 279 385 393 409 426 475 487 498 503 504 526 536 626 669 678 705 718 
-1 290 306 346 361 389 403 411 422 423 462 473 509 512 521 530 535 626 669 674 693 
-1 115 166 275 298 299 302 337 366 375 389 427 478 494 503 529 536 607 615 675 725 730 
-1 174 318 319 358 417 486 494 506 510 531 534 535 625 638 641 642 662 663 670 705 
-1 103 224 260 275 283 325 365 371 389 406 414 441 447 463 496 498 509 520 645 725 
-1 13 131 285 298 342 357 373 389 397 471 487 492 515 526 532 536 570 686 727 
-1 18 270 294 327 339 399 401 406 450 455 466 506 509 518 521 533 536 623 653 655 697 705 
-1 169 294 295 302 311 362 406 445 486 490 511 516 521 524 528 606 634 638 678 687 693 707 719 721 
-1 208 273 349 399 426 473 490 491 497 501 516 625 702 707 
-1 10 81 234 310 329 353 383 387 492 501 506 516 521 532 615 631 717 
-1 297 305 317 353 417 431 439 462 495 500 507 515 525 535 582 611 653 661 674 683 
-1 115 373 441 454 483 503 519 525 529 619 637 639 654 683 710 
-1 269 290 306 311 346 361 417 471 484 499 502 509 510 517 518 519 527 528 530 533 563 611 614 629 681 691 698 734 
-1 466 481 489 493 497 500 511 521 523 605 658 691 734 
-1 34 138 297 307 315 319 329 345 386 433 473 482 484 487 488 495 496 500 502 505 506 509 513 523 535 601 613 653 715 719 737 
-1 9 54 283 367 382 439 457 492 494 495 500 501 510 517 521 611 626 671 
-1 77 215 229 257 270 286 406 410 426 461 486 489 492 515 516 517 519 526 531 535 683 722 
-1 37 69 378 390 399 414 431 447 483 486 492 507 511 646 655 702 729 
-1 39 111 287 295 302 306 355 390 411 422 462 495 497 502 503 510 517 615 621 687 706 
-1 269 275 279 281 387 403 488 494 533 534 613 647 673 682 690 713 727 
-1 49 282 297 330 346 374 403 417 434 485 495 496 499 519 523 524 527 534 603 605 619 621 626 670 682 687 714 715 
-1 57 287 289 331 338 477 507 511 516 518 521 529 530 532 619 653 666 694 697 
-1 154 206 295 362 378 383 386 409 418 494 497 502 511 517 534 595 623 633 691 693 705 717 725 
-1 105 281 326 443 457 463 484 506 507 508 512 513 515 603 629 659 694 721 733 
-1 151 265 269 285 286 305 314 319 357 373 391 430 438 443 457 490 495 515 518 521 524 525 530 534 595 671 
-1 85 123 313 353 357 359 365 385 417 434 496 498 518 523 527 528 543 602 617 635 647 653 686 698 
-1 171 202 213 277 290 325 377 387 390 391 422 451 458 470 487 500 503 504 505 519 527 532 534 535 562 602 606 726 
-1 75 161 224 285 331 335 350 353 378 398 407 418 426 430 431 461 465 482 488 492 496 497 499 503 525 526 528 701 
-1 14 337 349 353 354 379 383 414 417 419 455 466 469 508 517 525 601 643 671 693 703 
-1 25 27 34 38 45 109 127 146 161 166 173 174 218 293 294 309 322 330 358 382 406 433 442 450 454 475 492 494 496 502 511 513 520 522 525 526 533 606 607 615 623 633 634 635 657 663 666 683 709 725 737 
-1 51 63 79 82 94 95 105 109 122 135 139 147 174 269 302 354 362 382 385 390 391 403 449 458 485 495 505 519 523 526 533 536 602 649 653 669 701 706 707 715 734 735 
-1 26 39 50 67 82 106 111 139 145 275 278 282 286 318 321 389 410 421 430 445 453 461 486 487 492 502 511 512 523 525 533 535 607 609 610 634 639 645 653 663 678 679 686 707 730 735 
-1 13 55 87 90 101 109 123 127 135 151 161 169 170 189 269 271 291 294 305 314 321 322 325 337 355 419 422 433 438 439 443 474 495 505 520 522 595 615 621 635 642 649 654 655 670 689 691 693 714 
-1 23 33 37 46 50 54 55 95 111 175 193 252 286 294 297 302 322 334 347 375 394 437 450 457 485 487 496 498 507 509 536 619 625 643 658 666 671 678 697 709 714 725 733 735 747 
-1 22 61 70 75 97 109 118 130 203 269 277 337 351 371 373 403 410 446 469 484 493 503 505 507 511 524 525 526 531 607 625 631 639 647 670 699 718 721 733 
-1 38 41 85 117 139 145 159 162 199 203 256 269 295 301 306 317 341 347 355 358 394 426 439 442 454 474 481 487 507 509 515 518 519 527 619 629 633 647 651 653 658 659 665 669 670 675 683 697 709 711 713 714 717 719 725 727 729 
-1 1 3 5 23 59 89 95 135 199 282 305 373 379 386 390 395 442 461 466 473 483 487 489 494 503 509 516 518 535 536 613 623 626 637 642 643 647 659 665 669 675 699 710 727 
-1 15 31 46 53 58 67 78 110 150 162 166 174 179 187 277 297 309 325 386 401 423 431 445 463 470 474 491 495 506 598 647 666 681 689 690 694 702 703 707 721 
-1 25 35 73 94 102 155 158 179 182 198 249 278 321 422 433 438 450 461 465 469 482 489 498 503 509 513 518 525 536 605 606 609 623 641 650 667 671 685 687 690 705 710 
-1 19 25 78 82 87 110 150 161 171 190 265 281 290 293 307 319 330 365 366 393 399 417 426 429 439 473 488 504 521 536 597 601 614 630 641 673 682 715 725 733 735 
-1 25 43 49 53 89 98 146 149 170 195 257 265 267 281 289 307 334 347 361 370 375 386 417 435 457 473 486 493 495 498 500 503 510 515 516 519 534 535 601 606 613 617 631 657 673 677 701 725 737 
-1 11 23 33 34 50 66 69 71 95 105 111 118 125 138 155 199 287 313 333 343 389 398 406 409 423 431 447 455 457 469 473 486 488 489 490 501 509 511 512 523 525 533 613 626 629 653 657 666 675 681 685 707 711 735 
-1 9 14 22 37 61 65 123 130 146 153 154 157 165 174 177 197 274 278 281 283 295 301 306 309 330 401 406 407 426 434 469 484 489 497 504 514 516 610 614 615 682 686 701 706 715 723 733 
-1 6 14 43 73 77 110 114 147 149 158 165 243 267 277 283 293 297 317 341 385 390 395 414 419 439 445 446 487 491 503 506 513 517 524 531 609 617 635 637 642 659 662 669 693 710 727 
-1 1 27 29 31 57 71 101 127 133 138 162 198 289 297 314 335 369 405 453 498 503 505 506 508 509 518 520 527 610 617 633 634 646 657 686 703 723 729 733 
-1 15 31 34 54 58 75 87 103 133 153 154 163 187 194 273 322 325 343 350 381 397 402 414 461 467 494 496 500 501 505 515 529 595 599 610 613 614 629 634 641 646 659 679 682 686 707 710 723 748 
-1 42 51 62 63 73 106 111 150 158 274 290 307 335 338 361 371 395 411 413 423 426 433 445 469 483 493 494 495 505 508 512 516 536 562 603 621 622 663 671 675 683 690 713 719 733 734 
-1 10 14 26 39 81 97 98 101 113 117 145 153 191 265 269 286 289 307 318 327 345 347 354 361 369 429 437 459 467 479 485 498 504 509 511 515 517 545 565 610 618 622 626 629 647 650 653 669 677 701 710 731 
-1 13 15 23 25 37 41 70 73 83 101 102 130 135 142 151 163 174 182 269 271 286 295 302 327 341 343 347 349 365 374 390 411 418 421 427 438 443 449 469 470 477 481 483 495 507 508 524 525 526 534 603 609 645 650 651 662 663 710 765 
-1 9 18 51 58 61 66 86 93 133 135 138 150 198 271 290 293 294 314 319 323 339 391 411 425 445 449 455 475 479 484 486 510 512 514 517 520 524 529 531 532 533 595 610 629 633 643 651 667 670 677 678 695 703 727 729 
-1 9 58 65 66 74 98 125 129 134 139 141 273 289 299 303 313 325 337 341 399 406 426 427 462 483 495 503 507 508 512 515 519 525 526 527 534 536 622 625 651 666 667 678 687 711 713 723 
-1 2 10 50 58 74 99 103 122 155 165 175 189 269 282 286 297 330 337 371 391 393 395 403 492 505 508 525 527 535 598 599 606 637 655 687 694 695 709 734 
-1 15 21 42 47 61 71 85 103 181 193 329 341 347 354 382 387 390 405 423 433 438 446 459 463 477 481 487 499 503 504 510 511 524 525 601 605 606 617 621 630 638 639 646 678 689 695 699 715 
-1 2 35 42 50 58 62 70 81 85 87 101 131 143 147 158 161 185 186 197 203 224 275 279 294 295 333 337 350 370 394 403 411 419 473 481 486 513 527 533 599 631 633 638 646 647 653 670 713 723 731 
-1 54 63 91 110 114 127 165 185 195 271 281 294 307 313 317 370 379 398 414 443 446 495 496 498 507 520 523 526 535 634 642 657 687 695 697 735 
-1 27 54 109 139 166 170 189 193 205 290 307 323 333 341 371 395 414 439 466 484 485 499 514 519 535 597 609 633 665 691 717 723 735 
-1 49 59 69 78 87 90 101 131 163 167 171 187 330 370 374 477 494 499 500 510 514 515 523 530 532 536 602 607 618 627 651 705 714 737 
-1 5 29 37 41 94 110 115 187 194 290 291 295 297 299 326 327 330 337 361 375 382 409 410 413 438 441 457 484 487 489 490 492 493 497 505 507 514 518 526 534 649 674 698 701 706 709 714 715 737 
-1 46 71 98 115 118 145 163 189 271 285 325 326 333 342 351 375 398 411 429 451 500 502 510 515 518 522 626 646 650 651 662 665 675 677 693 697 710 719 
-1 66 75 89 91 111 119 122 138 141 177 197 216 278 291 302 314 315 321 322 389 402 406 407 479 491 493 501 507 513 520 521 524 559 635 659 667 686 702 715 723 731 
-1 26 34 54 70 102 119 127 151 273 275 281 283 287 310 326 331 374 426 473 475 496 506 519 525 526 528 609 621 630 659 663 669 674 690 711 715 726 
-1 34 109 117 270 274 305 377 382 427 446 449 455 462 498 502 503 505 511 518 520 523 528 534 598 609 627 662 671 682 687 705 723 
-1 5 10 34 53 61 66 73 94 97 105 110 115 143 182 185 203 299 317 339 342 350 358 361 382 397 398 443 467 483 490 494 516 522 603 617 630 661 677 709 713 737 
-1 34 82 175 289 319 322 325 326 327 333 337 339 343 375 395 413 414 441 488 491 498 500 508 511 515 518 520 528 533 609 618 622 625 634 638 645 663 670 710 727 730 
-1 62 71 75 81 86 89 110 178 181 286 293 301 315 318 334 342 343 346 383 411 437 446 455 478 483 487 493 496 499 506 510 515 520 523 526 529 530 531 614 615 647 662 671 691 694 697 702 722 731 
-1 23 30 42 49 61 78 102 126 129 135 139 158 162 173 178 182 186 278 311 313 318 341 343 345 355 387 399 419 474 485 486 490 495 524 622 626 645 647 653 655 667 669 673 681 701 703 727 
-1 13 23 30 31 57 73 81 113 114 122 137 138 146 177 182 220 309 317 337 353 367 371 403 439 445 469 473 487 491 497 500 503 518 520 521 523 524 528 601 638 642 675 677 681 685 733 
-1 25 30 51 53 57 58 67 105 109 153 162 199 266 270 278 301 323 329 389 407 409 411 417 438 441 445 461 477 498 500 505 507 515 526 569 611 671 678 723 
-1 22 23 37 50 66 85 130 161 162 163 173 179 287 325 331 354 366 390 395 405 406 411 439 445 465 485 494 510 514 525 527 534 569 603 605 641 655 665 693 733 
-1 11 37 46 82 86 109 133 167 197 202 271 274 285 287 294 329 374 390 413 441 461 467 478 491 492 503 508 509 516 520 522 524 526 599 627 630 663 665 686 707 723 
-1 50 57 67 94 122 125 135 142 151 161 266 275 311 317 326 345 353 357 401 413 421 446 483 492 495 497 509 510 535 597 622 634 662 673 682 686 690 693 695 721 734 737 
-1 19 66 70 78 129 151 173 175 191 281 317 330 351 379 382 391 434 469 486 491 494 506 513 515 521 530 597 599 611 643 645 650 659 666 675 690 694 699 718 730 735 
-1 25 95 135 142 154 175 181 305 374 375 389 425 453 474 483 485 492 494 500 507 529 601 613 618 634 651 663 675 683 722 
-1 9 17 35 50 57 65 79 99 105 137 283 291 329 349 365 366 386 421 431 435 437 471 481 496 500 504 508 509 516 517 528 531 534 555 581 630 631 634 653 659 661 681 682 711 726 733 
-1 31 50 83 89 93 95 109 123 155 163 173 199 266 281 314 350 402 407 421 445 451 471 478 486 497 498 523 524 530 532 610 618 623 637 645 649 650 653 666 714 717 723 730 
-1 15 17 43 47 55 81 91 141 209 267 289 309 318 355 373 411 423 435 445 450 463 469 485 489 504 509 517 523 531 535 605 609 614 667 675 683 687 698 706 721 730 
-1 6 34 49 75 83 114 125 149 170 190 205 275 294 297 305 309 317 319 321 341 375 385 389 411 421 423 437 442 445 454 494 506 519 529 530 534 598 623 635 642 643 670 679 713 
-1 67 93 107 110 189 190 286 297 299 301 323 351 354 402 410 433 451 462 467 469 483 484 499 503 505 516 519 524 528 599 606 619 631 633 646 665 669 681 687 689 703 707 711 714 718 719 726 
-1 6 21 22 70 94 133 147 149 193 195 198 277 279 282 291 293 302 365 366 425 434 466 470 490 493 495 503 507 508 510 515 524 526 533 534 562 609 634 647 651 654 669 706 709 723 729 733 
-1 18 55 57 122 126 149 158 162 166 270 271 299 315 317 379 391 402 461 465 473 479 486 494 499 505 507 508 509 511 512 522 523 605 634 641 646 689 702 722 725 735 
-1 1 17 21 27 35 55 87 174 185 187 203 275 278 283 287 315 318 363 370 375 411 434 453 486 489 502 504 515 527 530 533 622 623 637 638 643 681 682 697 710 713 715 725 729 
-1 26 53 71 77 86 87 97 114 143 145 147 155 161 197 205 305 405 410 413 431 461 469 474 488 489 493 498 503 515 518 519 520 524 526 527 614 637 663 681 686 711 723 727 731 
-1 18 35 54 74 95 122 133 141 142 161 186 194 266 285 306 322 325 329 345 347 375 385 419 427 434 438 462 483 499 514 535 595 599 625 634 646 654 655 722 729 
-1 23 33 37 63 69 75 77 82 102 118 138 146 182 193 231 232 269 301 305 322 335 386 387 393 409 538 573 589 591 593 594 606 735 
-1 13 33 61 63 69 71 78 81 101 106 150 171 175 182 198 199 205 213 230 250 266 269 285 314 347 362 375 381 426 477 530 538 561 582 589 590 593 594 595 654 
-1 13 22 23 33 46 51 59 81 90 102 115 125 137 153 155 173 193 195 218 237 249 267 315 322 338 363 367 512 551 562 579 582 583 585 587 590 592 629 681 
-1 7 23 67 70 119 121 127 154 161 162 177 198 237 279 283 285 309 345 346 349 407 415 418 427 538 555 570 588 590 591 
-1 10 14 25 31 47 58 63 77 93 99 105 106 130 141 142 175 189 215 248 251 259 265 322 349 379 421 447 469 471 474 537 573 581 582 586 587 590 592 593 594 
-1 2 11 21 30 46 65 74 82 118 134 146 150 174 179 181 194 230 241 252 305 309 343 347 350 449 462 555 561 567 588 593 638 
-1 11 18 27 53 79 90 94 98 103 119 143 146 155 163 166 173 177 206 212 216 366 377 426 475 547 555 558 567 585 590 592 594 733 
-1 1 6 23 42 110 155 173 178 181 182 194 213 219 225 252 270 317 319 341 358 365 401 402 442 466 474 549 570 574 585 586 588 591 610 673 714 
-1 3 5 17 19 43 49 86 98 103 119 133 150 205 224 230 243 274 301 326 390 409 417 545 561 601 698 710 
-1 10 17 18 19 43 62 63 67 70 73 78 82 87 94 99 101 115 133 134 137 151 157 162 179 183 186 224 248 277 282 295 427 475 477 479 497 538 573 585 588 589 593 594 662 
-1 5 10 34 55 79 102 105 113 155 159 179 182 201 227 233 235 238 256 277 295 307 333 345 367 389 414 438 542 585 589 689 721 
-1 10 15 39 58 75 83 109 325 330 346 354 419 467 545 555 567 581 583 585 587 589 590 591 594 650 723 725 
-1 65 74 78 83 101 107 110 123 134 147 154 174 185 187 191 194 201 217 237 241 255 259 310 319 353 359 377 383 394 405 415 466 538 549 555 563 566 574 582 585 588 641 710 722 730 
-1 19 30 35 39 46 53 54 105 109 133 137 146 173 186 191 201 212 230 258 260 313 369 395 413 422 543 570 586 589 593 594 638 651 
-1 33 43 77 82 98 113 131 135 142 154 169 173 229 283 315 330 334 375 381 395 447 470 570 586 589 590 594 
-1 13 19 46 69 83 91 98 106 115 126 130 146 149 199 203 212 225 232 274 286 301 302 305 421 438 457 463 466 481 538 562 571 593 
-1 1 38 47 53 67 82 85 106 107 117 135 141 159 162 178 198 205 210 237 247 260 262 395 401 415 422 423 434 563 569 585 587 591 593 662 690 726 
-1 19 37 54 55 66 70 86 87 102 151 169 207 225 239 243 249 259 260 275 299 351 366 370 417 443 478 562 583 585 587 588 594 609 678 
-1 7 10 46 70 89 95 109 162 175 194 202 238 261 334 359 407 422 570 587 594 703 
-1 22 49 50 58 59 67 74 93 107 114 131 135 138 139 141 142 158 177 199 207 235 238 241 257 260 277 281 315 323 338 353 382 399 418 429 538 586 588 589 591 693 
-1 14 30 31 63 71 103 105 106 107 121 161 163 165 169 171 191 202 203 211 219 235 244 269 306 322 329 382 398 410 413 414 453 467 469 574 579 585 587 592 669 
-1 18 27 39 46 75 79 89 95 103 135 149 159 174 181 203 261 311 319 337 367 377 417 431 447 586 587 588 589 592 594 
-1 25 31 37 42 50 55 59 61 62 63 71 89 113 141 146 151 157 195 221 231 235 237 243 270 282 298 305 362 383 411 438 442 446 471 511 542 558 559 575 588 609 625 663 687 
-1 6 21 23 34 54 83 90 102 114 150 157 159 162 169 185 199 209 239 258 278 298 315 326 367 373 418 433 473 479 489 504 551 559 577 585 591 593 606 645 681 735 
-1 39 45 49 54 66 70 78 127 130 149 151 153 171 195 206 223 229 231 261 283 319 363 378 407 422 433 445 446 461 469 479 541 554 566 570 574 586 599 677 
-1 5 15 19 22 29 45 46 47 82 90 102 118 190 209 224 251 354 475 562 566 587 594 607 729 731 761 764 
-1 14 22 25 30 37 46 49 55 63 109 135 150 159 161 173 174 179 231 245 252 279 281 283 295 343 407 417 421 462 467 478 479 577 581 585 589 594 699 
-1 25 30 42 59 93 106 119 127 145 182 189 191 236 247 258 263 315 319 345 357 378 387 393 442 555 566 570 571 586 587 588 591 593 719 
-1 9 19 25 79 111 137 139 158 173 181 194 201 206 207 218 248 262 330 366 389 394 399 466 583 585 587 588 591 592 643 661 675 
-1 10 26 29 31 34 35 85 89 93 105 107 134 142 147 159 167 225 242 259 260 269 270 285 290 302 314 318 369 415 445 471 512 585 586 588 681 
-1 35 62 79 86 103 106 119 123 125 126 131 139 145 146 185 186 189 190 201 224 232 235 250 258 269 287 298 342 347 378 387 422 434 474 566 583 587 590 591 592 677 
-1 1 9 17 29 41 55 57 62 75 86 105 119 121 134 149 153 182 186 193 194 195 203 229 248 310 319 338 371 381 414 427 463 475 534 543 545 559 567 583 588 609 631 645 651 669 674 683 713 725 
-1 49 50 71 82 99 101 111 118 125 153 161 162 187 194 222 232 265 349 386 417 465 546 577 586 590 593 629 631 
-1 1 14 22 23 30 31 43 65 86 93 103 107 119 146 159 175 193 214 235 251 263 279 301 311 317 342 351 375 414 418 443 454 458 459 498 503 538 547 551 555 569 588 710 
-1 5 7 11 21 23 43 70 81 82 90 115 146 158 163 173 174 198 210 236 255 274 282 283 317 323 335 381 382 390 397 429 437 481 537 550 583 585 586 592 594 695 
-1 13 25 29 62 103 106 113 123 158 169 182 193 194 245 251 258 259 337 359 409 415 454 482 496 531 583 592 593 594 662 694 702 726 735 
-1 2 47 70 83 90 94 102 109 114 127 139 151 155 167 194 197 203 220 262 267 293 298 301 342 346 359 375 398 399 407 477 481 554 565 567 587 588 589 590 641 707 709 
-1 6 7 18 27 29 37 57 58 73 101 114 119 157 178 185 201 238 373 395 405 413 429 439 442 457 537 586 587 590 
-1 3 19 29 41 47 53 57 61 63 67 70 75 78 82 91 94 99 103 117 127 130 135 159 175 203 217 220 222 236 254 285 305 355 426 474 563 567 589 637 
-1 14 33 43 55 70 77 91 99 143 147 155 174 177 263 271 302 321 373 430 437 442 443 545 553 570 590 623 705 
-1 26 29 49 53 66 71 74 90 98 99 119 129 145 154 157 165 175 187 202 220 226 236 239 249 277 294 301 307 341 378 441 558 569 573 586 591 592 593 
-1 10 18 78 89 111 139 142 147 149 151 165 169 171 189 193 198 211 214 224 237 256 259 286 290 321 363 373 389 391 446 473 488 494 547 557 562 571 578 585 586 589 593 594 
-1 14 41 43 49 63 66 102 110 117 119 125 137 138 141 149 150 159 171 175 210 252 263 270 285 286 291 321 371 386 447 481 538 541 553 565 586 589 590 591 593 642 687 711 729 
-1 9 18 93 98 102 111 133 159 170 177 178 179 182 199 217 226 269 287 346 370 375 381 399 439 455 458 461 470 562 574 575 578 587 593 594 
-1 19 27 41 102 103 126 138 155 162 163 170 174 187 198 201 216 222 248 253 297 302 309 315 318 322 406 442 455 463 477 551 555 590 591 594 654 761 
-1 11 13 42 47 78 90 102 127 137 145 151 157 161 174 185 190 260 263 335 370 383 414 417 470 477 546 562 588 593 594 669 690 707 
-1 14 35 90 94 103 133 157 171 177 212 227 235 281 282 287 333 346 361 395 397 414 433 441 454 469 477 539 555 557 558 561 579 581 583 591 594 613 713 729 733 
-1 2 13 42 59 69 74 89 107 126 127 147 150 161 167 185 191 201 206 215 218 245 248 249 255 256 260 270 275 333 359 370 426 538 545 558 590 593 630 651 678 703 723 731 
-1 103 143 149 178 215 239 262 273 449 565 575 591 594 
-1 3 23 71 79 82 95 111 118 123 126 189 240 319 447 461 517 542 550 574 583 585 593 646 693 701 
-1 19 41 78 173 210 221 234 319 357 410 442 459 577 585 588 594 691 
-1 10 22 30 65 91 111 127 131 167 174 208 212 251 279 343 434 466 590 679 
-1 10 33 78 130 154 155 157 183 191 219 220 307 422 423 474 551 589 594 607 
-1 1 15 19 27 39 127 138 171 285 425 514 554 555 559 561 570 574 586 594 
-1 22 77 126 127 131 175 199 232 254 309 335 365 403 542 543 559 575 586 588 591 593 
-1 66 95 134 194 197 235 251 365 443 451 457 542 545 589 591 592 593 
-1 61 78 90 121 157 158 175 177 252 321 438 479 489 561 566 587 588 593 726 
-1 1 21 30 35 41 53 55 67 99 115 133 145 181 195 213 240 427 586 594 599 706 
-1 154 173 233 289 298 377 383 393 439 457 549 615 622 661 710 730 734 739 740 744 753 756 760 763 
-1 87 94 118 202 322 347 362 429 462 497 555 573 654 710 722 739 755 756 757 763 
-1 7 81 195 298 390 471 484 532 563 567 570 599 614 618 683 740 747 750 753 761 
-1 130 182 355 431 466 506 515 545 571 581 607 615 621 633 639 694 739 748 749 750 751 
-1 47 135 150 367 455 457 539 555 633 654 677 710 715 737 739 742 745 748 752 753 754 755 758 766 
-1 51 86 91 162 339 397 406 458 491 513 535 574 588 661 739 744 754 755 757 758 766 
-1 18 41 122 170 301 329 338 439 549 578 606 611 615 622 639 642 677 710 738 753 755 758 759 766 
-1 7 22 31 57 346 402 545 581 646 659 673 741 743 750 752 756 758 763 
-1 59 303 329 370 401 465 470 483 602 654 685 730 742 743 751 753 755 758 760 761 766 
-1 139 286 378 385 425 466 483 554 619 674 695 711 726 750 756 
-1 86 274 345 486 502 578 579 691 702 713 739 741 743 744 747 758 760 761 764 
-1 6 17 130 154 191 254 303 553 563 570 613 627 641 686 723 738 741 742 748 758 763 
-1 127 139 209 290 322 335 350 367 383 426 573 653 659 689 742 748 759 763 764 765 766 
-1 25 27 106 154 189 341 403 574 578 650 678 735 748 757 760 761 764 
-1 54 105 182 186 287 385 386 398 419 579 601 669 721 735 741 743 752 754 755 756 
-1 67 87 286 313 325 447 471 495 508 546 573 650 675 686 697 702 703 705 706 739 745 749 754 761 763 
-1 6 178 282 305 533 558 566 645 670 678 693 702 741 744 751 753 754 756 763 764 
-1 23 46 162 271 329 357 374 399 449 459 470 559 578 734 742 749 752 755 765 766 
-1 14 123 129 159 171 370 386 409 453 555 619 703 710 740 746 748 753 755 757 758 759 762 766 
-1 66 122 146 335 358 477 570 595 658 670 737 739 740 741 752 762 763 
-1 26 105 342 351 381 418 445 466 474 531 573 577 623 647 666 742 755 758 760 762 
-1 166 217 289 350 457 459 475 588 642 717 721 738 739 740 750 751 759 760 761 
-1 34 87 267 301 303 478 542 593 603 630 650 657 685 687 722 743 744 746 754 757 
-1 19 129 142 325 326 433 486 513 559 566 622 627 651 669 740 759 762 764 
-1 158 185 203 224 305 330 345 357 374 409 415 418 466 469 483 514 561 601 647 653 738 742 743 745 748 755 757 762 763 
-1 87 106 193 311 317 326 353 439 450 546 558 571 639 707 744 745 747 753 
-1 150 293 318 389 417 437 441 511 549 550 554 565 615 622 635 663 665 666 710 715 738 739 740 741 743 745 746 748 750 752 759 
-1 118 154 181 191 335 410 438 470 538 550 573 623 633 661 674 683 689 725 738 739 742 743 747 749 751 760 765 
-1 14 61 95 194 265 321 347 349 382 547 578 639 659 675 707 714 740 741 745 747 756 
-1 103 142 286 326 537 582 615 635 661 731 743 744 747 749 751 757 759 760 761 762 764 766 
-1 70 221 281 313 378 414 425 443 463 551 611 677 713 719 727 738 747 755 759 762 765 
-1 35 198 201 317 325 355 391 414 471 501 541 559 623 630 678 681 748 754 759 764 
-1 9 14 53 95 190 235 241 274 305 313 323 342 355 374 478 569 633 638 678 691 711 717 738 744 747 756 760 
-1 138 236 282 323 354 363 554 588 601 603 611 738 739 744 750 757 
-1 11 99 110 139 151 170 245 262 283 371 421 453 523 559 563 593 609 671 739 742 748 753 758 759 760 763 766 
-1 7 203 334 435 442 465 574 609 615 621 670 699 737 738 746 749 761 
-1 187 212 241 266 277 407 496 538 559 570 586 613 711 715 719 740 744 750 753 759 765 
-1 47 397 459 461 462 512 535 579 581 610 690 714 739 744 762 764 766 
-1 10 19 35 85 133 197 293 441 495 506 524 563 603 629 673 694 703 714 739 742 743 745 747 762 764 765 766 
-1 59 77 350 407 458 549 558 570 598 609 626 686 705 722 742 743 748 749 758 759 764 
-1 110 158 190 337 382 433 469 501 530 562 574 578 606 621 626 633 651 671 675 677 683 740 745 748 752 754 760 763 765 
-1 33 71 232 242 279 343 389 481 486 539 559 561 566 583 621 630 659 681 741 742 752 754 757 
-1 94 177 303 492 524 558 565 703 721 739 747 749 750 751 753 755 756 757 761 
-1 34 94 97 106 298 301 323 330 363 387 439 499 521 551 554 599 649 719 722 741 748 749 750 752 756 766 
-1 315 411 447 559 579 663 667 689 747 749 752 753 754 763 766 
-1 53 61 123 133 150 269 275 337 479 507 609 614 697 698 738 742 747 763 
-1 62 113 126 195 245 330 374 394 542 567 609 614 625 633 638 647 702 711 749 757 760 761 
-1 31 265 361 375 386 553 563 599 619 625 653 723 739 742 748 749 752 755 760 
-1 26 47 101 458 466 566 571 626 643 689 707 709 714 738 743 750 751 754 755 756 758 760 
-1 9 15 119 225 321 333 361 398 403 478 619 633 638 731 738 741 745 746 749 750 753 
-1 179 277 410 445 470 554 559 588 699 707 734 744 746 751 756 757 759 760 761 
-1 74 337 524 550 559 570 577 603 611 647 734 743 745 747 749 750 758 759 761 765 766 
-1 67 91 102 118 191 278 315 353 485 532 557 567 733 735 740 747 751 752 756 761 762 
-1 23 55 103 181 503 525 545 558 559 582 586 589 662 665 699 737 742 744 745 759 761 765 
-1 95 147 150 317 323 358 398 399 445 491 537 558 611 615 625 633 726 741 744 756 758 761 762 
-1 86 170 282 307 539 574 721 723 730 739 750 751 756 760 
-1 27 161 175 191 557 559 571 581 613 631 697 711 713 750 765 766 
-1 293 385 419 463 491 557 563 583 607 625 641 663 666 697 705 715 719 726 727 739 745 748 757 758 760 762 764 
-1 79 106 167 295 383 561 591 602 657 659 679 711 739 745 746 749 750 755 760 762 763 
-1 7 26 29 38 97 259 297 314 318 319 450 573 635 685 739 749 755 758 759 760 761 764 766 
-1 39 171 442 508 538 543 741 744 746 749 755 760 763 764 
-1 65 77 94 119 293 335 381 387 395 485 514 528 585 635 662 666 673 674 675 709 749 757 765 
-1 13 47 362 381 429 431 488 499 551 555 578 613 614 691 693 738 747 752 757 758 760 
-1 109 267 389 497 539 557 602 610 665 666 737 742 743 745 747 749 752 756 758 762 
-1 141 150 265 313 345 399 422 423 425 504 581 586 598 607 669 687 701 730 743 744 747 751 752 754 760 763 766 
-1 94 224 346 375 378 394 475 546 553 567 590 603 634 639 744 745 764 
-1 63 77 171 199 252 345 411 543 625 730 744 754 758 764 766 
-1 194 439 463 467 470 514 551 633 740 753 754 756 759 760 763 764 
-1 138 167 195 198 290 307 317 331 333 371 389 484 559 567 601 619 631 682 685 687 703 746 748 749 752 
-1 27 45 174 267 331 346 409 470 542 569 595 602 635 685 690 699 702 738 742 752 755 761 766 
-1 134 170 302 307 315 319 377 402 417 528 541 551 553 603 678 718 738 744 748 752 755 758 762 764 
-1 34 170 345 383 557 597 599 614 622 626 638 657 669 691 701 727 745 748 752 755 759 765 
-1 18 263 371 381 457 497 522 559 601 614 625 629 742 746 751 752 759 764 
-1 145 233 234 259 602 642 659 663 685 691 695 706 723 742 749 752 754 763 
-1 131 269 294 318 371 381 496 526 570 583 697 727 740 744 745 751 763 
-1 170 281 327 461 566 567 631 671 717 722 726 730 744 749 750 751 756 764 
-1 166 229 271 273 303 326 355 459 475 485 578 601 701 706 738 740 746 759 760 766 
-1 75 282 295 459 488 518 532 537 549 555 571 599 603 630 657 658 691 698 717 738 744 747 759 760 765 
-1 46 67 282 349 354 513 525 551 591 617 626 667 673 701 709 713 740 742 747 750 766 
-1 67 247 266 331 358 361 488 565 583 605 613 621 649 677 702 719 725 745 752 759 760 764 
-1 286 287 309 403 425 505 567 650 687 725 731 738 741 750 753 755 756 762 763 
-1 161 193 277 459 565 582 713 733 748 753 760 762 765 
-1 45 93 98 101 139 281 301 327 335 341 379 557 566 575 594 614 619 623 657 659 674 738 743 749 752 758 759 762 
-1 50 323 350 602 613 647 667 694 735 738 749 750 753 760 763 764 766 
-1 202 313 373 377 411 446 455 493 594 597 675 694 738 741 746 755 756 759 761 
-1 130 249 418 497 539 574 605 645 743 745 749 750 751 753 754 755 758 765 766 
-1 9 69 125 253 282 319 346 385 415 453 526 538 602 634 645 703 739 740 744 764 
-1 193 227 341 347 469 513 535 575 582 586 643 650 658 674 681 699 756 757 758 
-1 98 121 143 183 265 273 283 315 326 358 407 483 537 629 638 670 739 745 748 754 760 764 
-1 463 490 567 575 661 678 686 721 740 743 744 756 760 764 766 
-1 21 149 293 295 473 491 550 554 629 655 663 719 738 746 747 748 749 752 753 760 761 762 764 765 766 
-1 125 273 274 298 329 349 351 374 391 496 536 575 658 663 679 710 717 739 742 745 750 757 758 759 762 763 765 766 
-1 70 85 126 287 390 391 536 542 543 553 554 601 602 745 749 750 752 759 
-1 167 254 281 287 330 398 438 484 541 617 618 622 654 667 695 711 741 745 751 759 763 
-1 83 282 321 331 534 542 574 709 721 734 739 742 744 746 749 758 
-1 74 150 263 321 346 402 457 542 546 553 555 573 625 634 639 740 743 745 758 
-1 134 158 177 286 309 321 363 402 439 539 605 641 731 744 746 750 751 762 763 765 
-1 7 431 475 494 527 634 657 686 697 737 741 746 747 748 753 756 761 762 
-1 83 265 317 475 533 567 643 665 721 742 745 751 753 756 758 760 
-1 79 131 173 286 314 365 497 562 569 622 635 679 683 690 737 742 744 745 746 748 750 753 756 758 763 764 765 
-1 236 250 251 295 311 321 385 391 427 433 442 446 506 610 654 662 666 740 743 744 751 754 756 757 760 763 765 766 
-1 158 256 481 549 698 703 722 725 745 754 766 
-1 42 307 362 575 611 621 666 675 713 725 739 742 744 747 748 751 753 755 756 764 
-1 34 82 139 331 338 379 431 442 514 566 687 706 738 744 746 750 755 758 764 766 
-1 10 169 198 301 450 475 581 605 626 666 709 741 750 755 761 763 
-1 89 122 154 512 561 566 697 727 745 746 747 750 754 755 761 
-1 123 170 303 327 401 430 558 559 601 621 719 729 739 744 748 752 753 759 
-1 13 29 99 215 357 441 470 482 562 581 583 603 618 691 710 738 739 742 746 749 750 757 760 764 
-1 35 266 295 399 525 558 590 598 627 641 723 729 740 750 752 757 759 762 763 766 
-1 62 90 294 385 403 455 477 493 538 574 582 610 627 646 655 682 701 715 725 740 742 748 750 751 763 
-1 67 105 142 338 550 627 634 646 694 738 749 752 760 761 762 763 765 
-1 47 70 94 353 383 538 551 598 599 606 621 626 629 630 631 638 693 725 731 738 742 759 761 765 
-1 41 86 182 282 297 330 395 477 505 528 582 605 697 713 717 743 757 762 764 766 
-1 251 359 449 454 501 536 545 555 591 603 633 655 730 740 748 750 752 755 756 761 762 763 764 765 
-1 101 131 214 349 418 649 669 677 711 719 740 742 747 748 751 753 762 
-1 57 99 107 314 410 425 481 524 531 537 541 578 583 619 625 667 706 734 741 742 743 750 751 753 756 758 
-1 342 539 550 553 567 597 618 619 627 646 667 681 698 713 733 740 741 749 752 754 760 761 763 
-1 150 170 313 473 486 538 665 679 721 743 745 756 761 
-1 131 335 394 419 485 546 574 697 703 717 751 759 760 762 
-1 73 95 225 254 321 341 355 387 502 659 674 686 695 717 738 740 745 746 747 749 751 752 758 759 761 
-1 103 153 161 347 413 520 542 579 629 691 713 738 744 753 763 
-1 110 342 349 410 434 565 573 578 582 601 633 642 669 677 691 729 740 743 755 757 760 762 764 766 
-1 252 307 387 395 486 494 543 553 559 563 569 606 627 633 691 693 743 751 752 754 764 765 
-1 5 153 275 399 541 551 562 586 743 751 759 
-1 17 202 205 317 355 418 439 461 543 562 577 587 607 690 702 739 741 751 755 756 757 758 763 765 
-1 70 274 605 657 714 743 748 750 751 753 757 759 761 764 765 
-1 70 95 199 246 413 500 646 748 754 
-1 9 49 158 331 367 539 578 581 679 746 751 756 759 760 
-1 109 177 351 385 415 543 547 581 667 739 745 746 747 764 765 
-1 102 106 281 301 318 322 402 479 541 545 561 597 705 713 735 765 
-1 49 115 118 208 426 461 483 610 626 639 650 655 714 748 751 753 
-1 70 78 95 107 205 233 266 295 310 434 529 530 563 634 643 725 727 739 748 751 752 757 763 
-1 11 91 347 427 549 598 622 717 723 751 754 756 758 759 765 
-1 361 461 518 555 558 563 579 594 595 621 625 631 638 657 675 719 742 748 749 751 755 756 759 760 763 766 
-1 111 139 185 186 222 479 559 562 613 697 713 738 739 755 762 766 
-1 39 277 343 419 478 557 575 602 635 717 726 744 747 754 766 
-1 94 217 278 294 295 342 362 374 543 623 654 701 738 744 746 749 752 753 755 757 765 
-1 30 178 271 365 369 509 555 575 583 591 671 719 749 750 754 755 762 764 
-1 3 123 224 233 250 285 287 306 455 537 538 545 592 613 695 713 734 740 742 759 
-1 222 230 341 373 451 484 485 519 539 553 555 617 618 633 666 730 748 749 753 755 757 758 766 
-1 7 71 118 198 379 427 453 479 534 547 618 654 699 702 739 743 746 749 757 761 764 
-1 22 69 98 131 255 382 402 409 418 582 650 662 750 758 759 766 
-1 23 91 123 302 555 573 579 623 629 710 721 730 731 741 745 749 752 757 762 765 766 
-1 41 107 137 327 545 626 630 657 661 689 695 697 748 753 763 
-1 55 103 126 559 581 601 615 629 633 639 658 662 663 683 703 752 755 
-1 46 58 193 334 355 553 605 610 611 662 667 679 701 715 734 747 748 758 
-1 13 57 73 79 115 131 183 191 633 637 647 707 755 
-1 27 69 83 105 123 131 191 521 598 623 639 642 646 675 683 715 729 735 741 750 752 760 764 766 
-1 65 114 126 157 335 438 561 573 614 629 637 663 681 702 741 748 764 765 
-1 53 70 77 101 119 149 194 583 601 638 662 689 697 715 721 726 755 756 758 759 764 
-1 55 59 74 150 190 537 592 602 621 623 625 630 638 649 671 678 682 707 731 738 739 755 
-1 2 13 50 75 118 123 145 162 178 203 274 459 533 549 583 610 633 658 690 693 723 746 750 759 761 
-1 9 29 37 49 98 102 139 174 298 554 559 614 642 645 658 666 669 685 691 726 764 
-1 75 102 162 201 603 605 610 611 629 649 666 685 687 694 714 733 738 740 741 746 748 762 
-1 1 129 253 570 637 647 678 701 715 718 725 731 739 751 757 759 763 765 
-1 1 154 602 637 651 677 693 714 745 747 750 759 
-1 6 49 61 90 105 130 163 173 174 269 577 655 670 674 738 739 751 753 758 
-1 39 71 97 130 133 142 159 187 190 673 702 739 763 
-1 37 58 93 106 167 173 319 578 586 614 622 654 669 701 702 711 719 742 758 759 
-1 73 101 182 190 199 574 606 622 635 637 638 642 683 746 755 
-1 45 55 114 131 179 538 607 618 631 641 650 666 669 703 713 721 750 757 764 
-1 9 21 45 81 87 127 129 147 197 202 539 570 585 619 629 666 702 748 753 765 
-1 6 33 53 57 91 103 122 146 173 561 573 619 635 659 667 685 694 701 713 741 743 744 
-1 3 5 81 111 161 371 559 573 578 669 670 678 698 715 735 741 764 765 
-1 10 101 126 157 194 367 441 599 617 674 678 693 707 735 751 754 755 761 
-1 9 83 165 175 571 595 610 639 643 651 727 749 
-1 30 49 178 358 581 583 598 603 618 622 627 665 667 685 715 722 752 757 762 
-1 1 31 45 65 78 81 151 195 199 547 605 617 654 658 671 686 694 725 738 741 742 743 746 756 
-1 75 98 159 169 269 471 682 723 754 763 764 766 
-1 6 7 18 114 170 543 549 627 646 649 651 689 746 748 759 760 762 
-1 25 31 35 42 49 65 113 122 157 161 165 169 326 599 605 607 647 673 674 679 687 714 746 747 750 
-1 17 65 106 118 139 171 186 199 202 290 595 643 654 662 666 674 709 717 727 
