-1 691 691 691 691 691 2131 2131 884 884 1002 
-1 691 691 691 691 691 691 691 2131 2131 2131 1002 
-1 691 691 691 691 691 691 2131 2131 2131 
-1 691 691 691 691 884 
-1 691 691 691 691 691 691 691 691 2131 2131 2131 2131 884 
-1 691 691 691 2131 2131 2131 2131 884 884 
-1 691 691 691 691 691 691 691 691 691 
-1 691 691 691 691 691 2131 
-1 691 691 691 691 691 2131 2131 884 
-1 691 691 691 691 691 2131 2131 2131 1002 
-1 691 691 691 691 2131 884 
-1 691 691 691 691 691 2131 2131 2131 2131 1002 
-1 691 691 691 691 691 2131 2131 2131 884 
-1 691 691 691 691 691 2131 
-1 691 691 691 691 2131 2131 
-1 691 691 691 691 691 691 691 691 2131 2131 2131 
-1 691 691 2131 2131 
-1 691 691 691 691 691 691 691 691 691 691 2131 2131 2131 2131 2131 
-1 691 691 691 2131 2131 
-1 691 691 691 691 2131 2131 2131 2131 2131 884 1002 
-1 691 691 691 2131 1002 
-1 691 691 691 691 691 2131 2131 2131 
-1 691 691 691 691 691 691 2131 
-1 691 691 691 691 691 691 691 2131 2131 
-1 691 691 691 691 2131 
-1 2131 2131 884 
-1 691 691 691 691 691 2131 2131 2131 
-1 691 691 691 691 691 2131 2131 2131 2131 
-1 691 691 691 691 691 691 691 2131 2131 
-1 691 691 691 691 691 691 691 2131 2131 1002 
-1 691 691 691 691 691 691 691 691 2131 2131 2131 884 
-1 691 2131 2131 2131 
-1 691 691 691 691 691 691 691 691 2131 2131 2131 1002 1002 
-1 691 691 691 2131 2131 
-1 691 691 691 691 691 691 691 691 884 
-1 691 691 691 691 2131 2131 2131 2131 2131 
-1 691 691 691 691 691 691 691 691 2131 2131 
-1 691 691 691 691 691 691 2131 2131 1002 1002 
-1 691 691 691 691 691 2131 2131 
-1 691 691 691 691 691 691 691 691 2131 2131 2131 2131 
-1 691 691 691 691 691 691 2131 2131 2131 2131 
-1 691 691 691 691 2131 
-1 691 691 2131 2131 
-1 691 691 691 691 691 691 691 691 2131 2131 884 
-1 691 691 691 691 691 691 691 
-1 691 691 691 691 691 691 2131 2131 
-1 691 691 691 691 691 691 2131 884 1002 1002 
-1 691 691 691 691 691 691 691 2131 
-1 691 691 691 691 691 691 2131 2131 2131 2131 2131 
-1 691 691 691 2131 2131 2131 2131 1002 1002 
-1 691 691 691 2131 2131 
-1 691 691 691 2131 2131 
-1 691 691 691 691 2131 2131 884 
-1 691 691 691 691 2131 2131 2131 2131 2131 1002 
-1 691 691 691 691 691 2131 2131 1002 
-1 691 691 691 691 691 2131 2131 2131 
-1 691 691 691 691 691 691 691 691 
-1 691 691 691 691 2131 2131 2131 
-1 691 691 691 691 691 691 2131 2131 
-1 691 691 691 691 691 691 691 691 2131 2131 2131 884 1002 1002 
-1 691 691 691 2131 2131 
-1 691 691 691 691 691 691 691 2131 2131 2131 2131 2131 
-1 691 691 691 691 2131 1002 
-1 691 691 691 691 691 691 2131 2131 2131 2131 884 1002 1002 
-1 691 691 691 691 691 691 2131 2131 2131 
-1 691 691 2131 2131 
-1 691 691 691 691 691 2131 2131 1002 
-1 691 691 691 691 2131 2131 1002 
-1 691 691 2131 2131 2131 2131 
-1 691 691 691 2131 2131 2131 2131 884 1002 
-1 691 691 691 691 691 691 2131 2131 
-1 691 691 691 691 691 2131 2131 2131 2131 2131 2131 2131 2131 2131 
-1 691 691 691 691 691 691 2131 2131 2131 
-1 691 691 691 2131 2131 2131 884 
-1 691 691 691 691 691 691 2131 
-1 691 691 691 691 691 2131 2131 2131 2131 
-1 691 691 691 2131 2131 2131 2131 1002 
-1 691 691 691 691 691 691 691 2131 2131 2131 2131 
-1 691 691 2131 2131 2131 
-1 691 691 691 691 691 691 691 691 2131 2131 
-1 691 691 691 691 691 691 691 691 2131 884 
-1 691 691 2131 2131 
-1 691 691 691 691 691 691 691 2131 2131 2131 
-1 691 691 691 691 691 691 691 884 
-1 691 691 691 691 691 2131 2131 884 
-1 691 691 691 691 691 2131 2131 1002 1002 
-1 691 691 2131 2131 2131 2131 2131 884 
-1 691 691 691 2131 884 
-1 691 691 691 691 691 884 1002 
-1 691 691 691 691 691 691 691 2131 2131 1002 
-1 691 691 691 691 691 691 2131 2131 2131 2131 1002 
-1 691 691 2131 884 
-1 691 691 691 691 691 691 2131 2131 
-1 691 691 691 691 691 2131 
-1 691 691 691 691 691 691 691 884 
-1 691 691 691 2131 2131 884 
-1 691 691 691 691 691 691 691 2131 1002 
-1 691 691 691 691 691 691 2131 
-1 691 691 691 691 691 2131 2131 884 1002 
-1 691 691 691 691 691 691 2131 2131 2131 2131 2131 
-1 691 691 691 691 2131 2131 2131 1002 
-1 691 691 691 691 691 2131 2131 2131 1002 1002 
-1 691 691 691 691 691 2131 2131 2131 
-1 691 691 691 691 691 691 691 2131 2131 2131 884 1002 
-1 691 691 691 691 691 691 691 2131 2131 2131 2131 
-1 691 691 691 691 691 2131 2131 2131 
-1 691 691 691 691 691 691 691 691 2131 2131 
-1 691 691 691 691 691 691 691 691 2131 
-1 691 691 691 691 691 691 2131 2131 
-1 691 691 691 691 691 691 691 2131 
-1 691 691 691 691 691 2131 2131 2131 884 
-1 691 691 691 691 691 691 2131 2131 2131 
-1 691 691 691 2131 2131 2131 
-1 691 691 691 691 691 2131 2131 1002 
-1 691 691 691 691 691 691 691 691 2131 1002 
-1 691 691 691 691 2131 2131 884 
-1 691 691 691 691 691 691 691 691 2131 2131 
-1 691 691 691 691 691 2131 2131 
-1 691 691 691 691 2131 1002 
-1 691 691 691 691 691 2131 2131 
-1 691 691 691 2131 2131 2131 2131 884 
-1 691 691 691 691 691 2131 
-1 691 2131 
-1 691 2131 2131 2131 2131 2131 884 
-1 691 691 691 691 691 2131 2131 
-1 691 
-1 691 691 691 691 691 2131 2131 
-1 691 691 691 691 691 691 691 691 2131 2131 2131 2131 2131 884 884 
-1 691 691 691 691 2131 2131 2131 2131 
-1 691 691 691 691 691 691 2131 2131 1002 
-1 691 691 691 2131 2131 
-1 691 691 691 2131 2131 2131 2131 884 884 
-1 691 691 691 691 691 2131 2131 2131 
-1 691 691 691 691 691 691 691 2131 
-1 691 691 691 691 2131 2131 2131 2131 2131 2131 2131 
-1 691 691 691 691 691 691 2131 2131 2131 2131 2131 1002 1002 
-1 691 691 691 691 691 1002 
-1 691 691 691 691 691 2131 2131 2131 2131 
-1 691 691 691 691 691 691 691 2131 2131 
-1 691 691 691 2131 2131 2131 2131 
-1 691 691 691 691 691 2131 1002 
-1 691 691 
-1 691 691 691 2131 2131 2131 2131 
-1 691 691 691 691 691 691 2131 2131 2131 2131 1002 
-1 691 691 691 691 691 691 691 2131 2131 2131 884 884 
-1 691 691 691 691 691 691 691 691 691 691 691 2131 
-1 691 691 691 691 691 2131 2131 2131 
-1 691 691 691 691 2131 2131 
-1 691 691 691 2131 2131 2131 1002 
-1 691 691 691 691 691 2131 1002 
-1 691 691 691 691 691 691 691 691 691 884 884 
-1 691 691 691 691 691 691 691 691 2131 2131 2131 2131 
-1 691 691 691 691 691 691 2131 884 
-1 691 691 691 2131 2131 2131 2131 1002 
-1 691 691 691 2131 2131 2131 
-1 691 691 691 691 691 691 691 691 691 2131 2131 2131 884 
-1 691 691 691 691 691 691 2131 2131 2131 
-1 691 691 691 691 2131 
-1 691 691 691 691 691 691 691 2131 2131 2131 
-1 691 691 691 691 2131 2131 2131 884 
-1 691 691 691 691 691 2131 2131 
-1 691 691 691 691 691 691 691 2131 884 884 
-1 691 691 691 691 691 691 2131 2131 2131 
-1 691 691 691 691 691 691 2131 2131 2131 2131 2131 2131 2131 1002 1002 
-1 691 691 691 691 691 691 691 691 2131 2131 2131 2131 
-1 691 691 691 691 691 691 2131 
-1 691 691 691 691 691 691 691 691 691 2131 2131 2131 1002 
-1 691 691 691 691 691 691 2131 2131 2131 884 
-1 691 691 691 691 691 691 2131 884 
-1 691 691 2131 2131 2131 2131 2131 1002 
-1 691 691 691 691 691 691 691 691 691 2131 1002 
-1 691 691 691 2131 2131 1002 
-1 691 691 691 691 691 691 691 2131 2131 2131 
-1 691 691 691 2131 2131 2131 884 1002 
-1 691 691 691 691 
-1 691 691 691 691 691 2131 2131 2131 884 
-1 691 691 691 691 884 
-1 691 691 691 691 691 691 691 2131 884 
-1 691 691 2131 1002 
-1 691 691 691 691 691 2131 2131 884 
-1 691 691 691 691 691 691 691 2131 2131 
-1 691 691 691 691 2131 2131 2131 2131 2131 2131 1002 
-1 691 691 691 691 2131 2131 2131 2131 2131 884 1002 
-1 691 691 691 691 691 691 691 2131 2131 2131 884 1002 
-1 691 691 691 691 691 691 691 2131 2131 2131 1002 
-1 691 691 691 691 691 
-1 691 691 691 691 691 691 2131 
-1 691 691 691 691 691 691 691 2131 2131 
-1 691 691 691 691 2131 
-1 691 691 691 691 691 691 691 691 2131 2131 2131 2131 2131 
-1 691 691 691 691 2131 884 
-1 691 691 691 691 691 691 691 2131 1002 
-1 691 691 691 691 691 691 2131 2131 
-1 691 691 691 691 691 691 691 691 691 691 691 691 2131 2131 2131 
-1 691 691 691 2131 2131 
-1 691 691 691 691 691 2131 884 
-1 691 691 691 691 691 691 2131 2131 2131 
-1 691 691 691 691 691 691 691 2131 2131 1002 
-1 691 691 691 691 691 2131 2131 2131 2131 2131 2131 
-1 691 691 691 691 691 691 2131 2131 884 1002 
-1 691 691 691 691 691 691 2131 2131 2131 
-1 691 691 691 691 691 2131 2131 2131 1002 
-1 691 691 691 
-1 691 691 691 691 2131 
-1 691 691 691 691 691 691 691 2131 
-1 691 691 691 2131 2131 1002 1002 
-1 765 765 765 765 961 961 961 961 961 812 
-1 765 765 765 765 765 765 961 813 
-1 765 765 765 765 765 765 765 765 765 961 961 961 
-1 765 765 765 765 765 765 765 765 765 961 961 961 961 812 
-1 765 765 765 765 765 765 961 812 
-1 765 765 765 765 765 812 
-1 765 765 765 765 765 765 961 961 961 812 812 813 
-1 765 765 765 765 765 765 765 765 765 765 765 765 765 812 813 
-1 765 765 765 765 765 765 765 765 765 765 765 961 961 961 813 
-1 765 765 765 765 765 765 765 961 961 812 
-1 765 765 765 765 765 765 765 961 961 812 
-1 765 961 961 812 812 
-1 765 765 765 765 765 765 765 765 765 765 765 961 961 812 
-1 765 765 765 765 765 765 765 765 765 765 765 
-1 765 765 765 765 765 765 765 765 961 812 
-1 765 765 765 765 765 765 765 961 961 812 
-1 765 765 765 765 765 961 812 
-1 765 765 765 765 765 765 765 765 765 765 765 765 
-1 765 765 765 765 765 765 765 765 765 765 961 961 961 
-1 765 765 765 765 961 
-1 765 765 765 765 765 765 765 765 765 765 961 961 812 
-1 765 765 765 765 765 765 765 765 765 961 961 961 961 812 
-1 765 765 765 765 813 
-1 765 765 765 765 765 765 765 961 961 961 812 
-1 765 765 765 765 765 765 961 
-1 765 765 765 765 765 765 765 765 961 
-1 765 765 765 765 765 765 765 961 961 961 961 812 
-1 765 765 765 765 765 765 765 961 961 961 961 
-1 765 765 765 765 765 765 765 765 961 961 961 812 812 
-1 765 765 765 765 765 765 765 765 765 765 765 961 961 961 812 
-1 765 765 765 765 765 765 765 961 961 961 812 
-1 765 765 765 765 765 765 765 765 961 961 961 
-1 765 765 765 765 765 765 765 961 961 
-1 765 765 765 765 961 
-1 765 765 765 765 765 765 
-1 765 765 765 765 765 765 765 765 961 961 812 812 813 
-1 765 765 765 765 765 765 765 961 961 812 
-1 765 765 765 765 765 765 765 765 961 
-1 765 765 765 765 765 765 961 812 812 812 
-1 765 765 765 765 765 765 765 961 961 812 
-1 765 765 765 765 765 765 765 765 961 961 812 813 
-1 765 765 765 765 765 765 961 961 961 961 812 
-1 765 765 765 765 765 765 765 961 812 
-1 765 765 765 765 961 961 961 812 
-1 765 765 765 765 765 765 765 765 765 765 812 
-1 765 765 765 765 765 765 765 765 961 961 961 961 961 961 812 
-1 765 765 765 765 765 765 765 765 961 961 961 961 961 961 
-1 765 765 765 765 765 765 765 765 813 
-1 765 765 765 765 765 765 961 961 812 812 812 
-1 765 765 765 765 765 765 765 961 812 812 812 
-1 765 765 765 765 765 765 765 765 765 961 961 961 812 
-1 765 765 765 765 961 961 961 961 
-1 765 765 765 765 765 961 
-1 765 765 765 765 765 765 961 961 812 
-1 765 765 765 765 765 765 765 765 961 812 
-1 765 765 765 765 765 765 765 765 961 812 
-1 765 765 765 765 961 961 961 961 961 961 
-1 765 765 765 765 765 765 765 765 765 961 961 812 813 
-1 834 834 871 
-1 834 834 834 871 
-1 834 834 834 834 834 871 871 
-1 834 
-1 834 834 834 871 871 871 
-1 834 834 834 834 791 871 
-1 1043 834 871 
-1 871 871 
-1 1043 834 834 871 
-1 1043 1043 834 834 834 834 871 871 871 
-1 1043 871 
-1 834 834 834 834 834 871 871 871 
-1 1043 834 834 834 834 871 871 
-1 1043 834 834 834 
-1 834 834 834 834 871 871 871 
-1 1043 834 834 871 871 871 871 
-1 834 834 834 834 834 834 871 
-1 1043 834 834 834 834 871 
-1 1043 
-1 834 834 871 871 
-1 834 834 834 871 
-1 834 834 871 871 
-1 834 834 834 871 
-1 1043 834 834 834 834 834 871 871 
-1 834 791 871 871 
-1 834 834 834 871 871 
-1 834 834 791 871 871 
-1 1043 834 834 
-1 834 834 834 871 871 
-1 834 834 834 834 834 834 834 871 871 
-1 834 834 834 834 834 834 871 871 871 
-1 834 834 834 871 871 
-1 834 834 834 871 871 
-1 1043 834 
-1 1043 834 834 834 834 834 791 871 871 871 
-1 834 834 834 834 871 871 871 
-1 834 834 834 834 871 871 871 871 
-1 834 834 834 834 791 871 871 
-1 1043 1043 834 834 791 791 871 871 
-1 834 834 871 871 
-1 834 871 871 
-1 834 871 
-1 834 
-1 834 834 834 834 871 871 
-1 834 871 
-1 834 834 871 871 
-1 1043 834 871 
-1 1043 834 834 834 871 871 871 871 
-1 1043 1043 834 871 
-1 834 871 
-1 834 834 834 834 
-1 834 834 834 834 871 871 
-1 834 834 871 
-1 834 834 834 871 871 
-1 871 
-1 834 834 834 
-1 1043 834 834 871 871 
-1 1043 834 834 834 
-1 1043 834 834 
-1 834 834 
-1 1043 834 834 834 871 871 871 
-1 834 871 871 871 
-1 834 834 834 834 871 871 
-1 1043 834 834 
-1 1043 1043 791 871 
-1 1043 834 871 871 871 
-1 1043 834 834 871 871 871 
-1 1043 834 834 791 871 871 871 871 871 
-1 834 834 871 
-1 834 871 871 
-1 834 834 871 871 871 871 871 
-1 834 834 834 871 871 871 871 
-1 834 871 
-1 834 834 871 871 
-1 834 834 871 
-1 1043 834 834 834 871 
-1 834 834 871 871 
-1 1043 834 834 834 834 871 
-1 834 834 834 834 834 834 834 834 
-1 834 791 
-1 834 871 
-1 834 834 834 871 871 
-1 834 834 834 791 871 871 871 871 871 
-1 834 834 871 
-1 834 834 834 834 871 871 871 871 871 
-1 1043 834 834 834 834 871 871 871 
-1 1043 834 834 
-1 834 834 791 871 
-1 834 871 871 
-1 834 834 834 834 834 871 871 
-1 834 834 834 834 834 871 
-1 1043 834 871 871 871 
-1 834 834 834 871 
-1 834 834 834 871 871 
-1 834 871 
-1 1043 834 871 
-1 1043 834 834 871 
-1 834 834 834 791 871 
-1 834 834 834 834 791 871 
-1 1043 834 834 834 871 871 871 
-1 834 834 791 791 871 
-1 834 834 871 
-1 834 834 834 871 871 871 
-1 
-1 834 871 871 
-1 834 834 834 834 871 871 871 871 
-1 1043 834 834 834 834 871 
-1 834 834 
-1 1043 834 871 
-1 834 834 834 871 871 
-1 1043 834 834 834 834 871 871 
-1 834 834 834 834 834 834 791 
-1 834 834 834 871 
-1 834 871 871 
-1 834 834 791 
-1 1043 834 834 834 834 
-1 834 834 834 871 871 
-1 1043 834 834 834 871 
-1 834 834 871 871 871 
-1 1043 834 834 871 871 
-1 1043 834 834 834 834 834 834 834 834 
-1 834 834 871 871 
-1 1043 834 834 
-1 1043 834 834 834 871 
-1 834 834 834 834 834 834 
-1 834 871 
-1 1043 834 834 
-1 834 834 871 871 
-1 1043 834 834 834 871 871 
-1 834 871 
-1 834 834 834 834 834 871 871 
-1 834 871 871 871 871 871 871 871 
-1 871 871 871 
-1 871 
-1 834 834 834 871 871 871 871 
-1 834 871 
-1 1043 834 834 834 871 871 
-1 834 834 834 834 834 834 871 871 
-1 834 834 834 834 834 871 871 871 
-1 834 834 871 871 871 
-1 834 834 834 834 834 834 
-1 1043 834 834 834 834 
-1 1043 834 834 834 834 871 871 
-1 834 834 871 
-1 1043 834 871 871 871 871 
-1 1043 834 791 871 871 871 
-1 1043 834 834 834 
-1 1043 834 834 
-1 834 834 834 871 
-1 834 834 834 871 871 
-1 834 834 871 871 
-1 834 834 834 834 834 834 871 871 
-1 871 
-1 834 834 834 834 
-1 1043 834 834 834 871 871 
-1 834 834 871 871 871 
-1 834 834 834 871 
-1 1043 834 834 871 
-1 834 834 834 871 
-1 834 834 834 834 
-1 834 834 834 871 871 
-1 871 
-1 834 834 834 834 871 
-1 834 834 834 834 834 871 871 871 
-1 834 871 
-1 834 834 834 834 871 871 871 
-1 1043 834 871 
-1 1043 834 834 834 791 871 871 
-1 834 834 834 871 
-1 834 834 834 871 871 
-1 834 834 834 871 871 
-1 1043 834 834 871 871 871 
-1 834 834 834 834 834 834 
-1 834 834 834 871 871 871 871 871 
-1 1043 834 871 871 
-1 834 871 871 871 871 
-1 834 834 834 834 834 871 871 871 871 
-1 1043 834 834 834 871 871 
-1 1043 834 834 834 834 791 871 
-1 834 834 834 
-1 834 834 871 871 
-1 834 871 871 871 
-1 1043 834 871 871 871 871 
-1 834 834 834 871 
-1 1043 834 834 834 834 871 871 
-1 1043 834 871 871 
-1 1043 834 834 834 834 791 791 871 
-1 834 834 834 834 
-1 834 834 871 
-1 834 834 871 
-1 834 834 871 871 
-1 1043 1043 834 871 
-1 1043 1043 834 834 834 
-1 834 834 834 871 871 871 
-1 834 834 834 834 834 791 871 871 871 
-1 834 834 834 834 871 871 
-1 834 834 834 834 834 871 871 
-1 1043 834 834 834 834 871 
-1 834 834 834 871 
-1 1043 834 834 834 834 834 834 
-1 1043 834 834 871 871 871 
-1 834 834 834 834 834 871 871 
-1 834 871 871 871 
-1 1043 834 834 834 834 871 871 871 871 
-1 834 
-1 1043 834 871 871 
-1 834 834 871 871 871 871 
-1 834 871 
-1 834 834 871 871 871 871 871 
-1 834 834 834 834 871 871 
-1 
-1 834 834 834 834 871 871 871 
-1 834 834 834 834 834 871 871 871 871 
-1 834 871 871 
-1 834 871 
-1 834 871 
-1 834 871 871 
-1 834 834 
-1 1043 1043 1043 834 834 834 834 834 834 871 
-1 811 811 811 811 811 910 910 910 910 910 910 910 910 910 803 803 803 803 
-1 811 811 811 811 910 910 910 910 803 803 803 803 803 
-1 811 811 811 811 811 910 910 910 910 803 803 803 803 
-1 811 811 811 910 910 910 910 910 803 803 803 803 803 803 
-1 811 811 811 811 910 910 910 803 803 803 803 803 
-1 811 811 811 811 811 811 910 910 910 803 803 803 
-1 811 811 811 811 811 811 910 910 910 910 910 910 803 
-1 811 910 910 910 803 803 803 
-1 811 811 811 811 811 910 910 910 910 910 803 
-1 811 811 811 811 910 910 803 
-1 811 803 
-1 811 811 910 910 910 910 910 803 803 
-1 811 811 811 811 910 910 910 910 803 803 803 803 
-1 811 811 811 811 811 811 910 910 910 910 910 910 803 803 803 803 
-1 811 811 811 811 811 811 910 910 803 803 803 
-1 811 811 910 910 910 910 910 803 803 803 
-1 811 811 910 910 910 910 910 803 803 
-1 811 811 910 910 910 910 910 910 803 803 803 
-1 811 811 811 910 910 910 910 910 803 803 803 803 803 803 803 
-1 811 811 910 910 910 910 803 803 803 803 803 
-1 811 910 910 910 910 803 803 
-1 910 910 803 803 
-1 811 811 811 811 811 811 910 910 910 910 910 910 910 803 803 803 803 803 
-1 811 811 811 910 910 910 910 910 910 910 803 803 803 
-1 811 811 811 811 811 811 811 910 910 803 803 803 803 803 
-1 811 811 811 811 910 803 803 803 803 803 803 803 
-1 811 811 910 910 910 910 910 910 803 803 
-1 811 811 811 811 811 811 811 910 803 803 803 803 
-1 811 811 811 811 811 910 910 910 910 910 803 
-1 811 811 811 811 811 910 910 910 910 910 910 910 803 803 
-1 811 811 811 811 811 910 910 910 833 803 803 803 803 
-1 811 811 811 811 811 910 910 910 803 803 
-1 811 811 811 811 811 910 910 910 910 910 910 803 803 803 
-1 811 811 811 811 811 811 910 910 910 910 910 910 910 803 803 
-1 811 811 811 910 910 910 910 910 803 803 803 803 803 803 
-1 811 811 811 811 811 811 910 910 910 910 910 910 803 803 803 803 803 803 
-1 811 811 910 910 910 910 910 910 803 803 803 803 803 803 
-1 811 910 910 803 803 803 803 
-1 811 811 811 910 910 910 910 910 910 910 910 803 803 803 803 
-1 811 811 811 910 910 803 803 803 803 
-1 811 910 910 910 910 910 910 803 803 803 803 
-1 811 811 811 910 910 910 910 910 910 803 803 
-1 811 811 811 811 910 910 910 910 910 910 803 803 
-1 811 811 811 811 910 910 910 910 803 803 
-1 811 811 811 811 811 910 910 910 910 910 910 803 803 803 803 803 803 803 
-1 811 811 811 811 910 910 910 910 910 910 910 803 803 803 803 803 
-1 811 811 811 811 910 910 910 803 803 803 803 
-1 811 811 910 803 803 803 803 803 
-1 811 811 811 811 811 811 910 910 910 803 803 803 
-1 811 811 811 811 811 811 811 910 910 910 910 910 910 910 803 803 803 803 
-1 811 811 811 811 910 910 910 910 803 803 803 803 
-1 811 811 811 910 910 910 910 910 803 803 803 
-1 811 811 811 811 910 910 910 910 803 803 803 803 803 803 
-1 811 811 811 811 910 910 910 910 910 910 803 803 803 
-1 834 834 834 834 834 834 834 898 898 898 898 858 
-1 834 898 898 898 761 858 
-1 834 834 834 898 898 898 761 858 
-1 834 834 834 834 898 761 
-1 834 834 834 834 834 834 834 898 898 761 761 
-1 834 834 898 898 761 
-1 834 834 834 834 834 834 834 898 
-1 834 834 834 834 834 898 898 858 
-1 834 834 834 834 834 898 898 858 
-1 834 834 834 834 834 834 834 834 834 834 834 834 834 761 761 
-1 834 834 898 898 761 858 858 
-1 834 834 834 898 898 898 898 898 898 898 761 761 
-1 834 834 834 898 898 898 761 858 858 
-1 834 834 834 834 898 858 
-1 834 834 834 898 898 898 898 858 
-1 834 834 834 834 834 898 898 898 
-1 834 834 834 834 898 898 898 858 858 
-1 834 834 834 834 834 898 898 761 761 858 
-1 834 834 834 834 834 834 834 898 761 858 
-1 834 834 834 834 898 898 898 898 898 
-1 834 834 834 834 898 761 761 
-1 834 834 834 834 898 898 898 
-1 834 834 834 834 898 
-1 834 834 834 834 834 834 834 834 898 898 761 761 761 858 
-1 834 834 834 834 834 834 834 898 761 761 858 
-1 834 834 834 834 834 834 898 898 898 761 761 761 858 858 
-1 834 834 834 834 834 898 898 898 898 858 
-1 834 834 834 898 898 858 
-1 834 834 834 834 834 834 834 898 761 761 761 858 
-1 834 834 834 834 834 834 898 898 898 898 
-1 834 834 834 898 898 898 
-1 834 834 834 834 898 898 898 
-1 834 834 834 834 834 834 834 761 761 858 
-1 834 834 834 834 834 834 834 834 898 761 858 
-1 834 834 834 834 898 898 761 761 
-1 834 834 834 834 834 898 898 898 761 761 
-1 834 834 834 834 834 834 898 898 
-1 834 834 898 898 898 761 858 858 
-1 834 834 834 834 834 898 898 761 761 858 
-1 834 834 834 834 834 898 898 761 761 858 858 
-1 834 834 834 834 898 898 898 898 898 
-1 834 834 834 834 834 834 898 898 898 
-1 834 834 834 834 834 761 761 
-1 834 834 834 834 834 898 898 898 898 761 
-1 834 834 834 834 834 834 834 834 898 898 898 858 
-1 834 834 834 834 834 898 898 898 761 761 
-1 834 834 834 834 834 898 761 
-1 834 834 834 834 834 834 898 761 858 
-1 771 771 771 885 
-1 771 771 885 885 1065 829 
-1 771 885 885 1065 1065 
-1 771 771 771 771 885 885 885 1065 829 
-1 771 771 829 
-1 771 771 771 771 771 771 885 885 
-1 771 885 885 1065 829 
-1 771 771 771 885 885 
-1 771 771 885 
-1 771 771 885 885 1065 829 829 
-1 906 761 733 733 
-1 761 
-1 906 906 733 733 733 733 733 733 
-1 911 911 911 911 761 
-1 906 906 906 761 733 733 733 733 
-1 911 906 906 906 906 
-1 733 
-1 906 906 906 761 733 733 
-1 906 761 733 733 
-1 906 733 733 
-1 911 906 761 733 733 
-1 906 906 906 906 906 733 
-1 911 906 906 906 906 906 761 733 
-1 906 761 733 733 
-1 911 906 733 
-1 911 906 733 733 
-1 906 906 761 733 
-1 911 906 761 
-1 911 733 
-1 906 906 906 761 733 
-1 911 906 733 
-1 906 761 
-1 911 911 906 733 733 733 733 733 733 
-1 761 761 733 733 
-1 906 761 
-1 911 906 761 733 
-1 911 733 
-1 911 906 906 906 761 733 
-1 906 906 906 761 761 733 
-1 906 906 906 906 761 733 733 
-1 911 906 906 906 761 733 733 
-1 911 906 906 906 761 733 
-1 911 906 733 733 733 
-1 761 761 
-1 911 911 911 911 733 733 
-1 906 906 733 733 
-1 906 906 
-1 906 906 733 
-1 911 906 906 761 761 761 733 
-1 906 906 906 733 
-1 911 911 761 761 733 
-1 906 906 761 761 761 761 733 
-1 911 911 911 733 733 733 
-1 
-1 906 906 906 733 
-1 906 733 733 
-1 906 906 
-1 911 761 733 733 
-1 906 906 906 761 761 733 733 
-1 911 911 906 761 733 
-1 906 761 733 733 733 
-1 911 911 906 906 906 906 733 733 
-1 911 733 
-1 911 911 906 733 
-1 911 906 906 761 761 733 733 
-1 911 911 761 733 
-1 911 911 906 733 
-1 911 761 761 761 733 
-1 911 733 
-1 911 761 733 733 
-1 911 906 761 761 761 
-1 911 911 906 906 761 733 733 
-1 906 761 733 
-1 911 906 
-1 906 906 906 761 
-1 911 911 906 733 733 733 
-1 911 906 906 761 733 733 733 
-1 911 906 
-1 911 906 733 
-1 733 733 
-1 911 906 733 
-1 911 911 911 906 733 
-1 906 906 906 906 906 906 906 733 733 733 733 
-1 911 906 906 
-1 761 733 
-1 911 906 761 733 
-1 761 733 
-1 911 906 733 733 733 733 733 
-1 911 911 733 733 
-1 911 911 761 733 733 
-1 906 761 
-1 906 906 761 733 
-1 911 906 906 906 733 733 
-1 906 906 906 906 
-1 761 
-1 906 906 906 733 
-1 906 906 
-1 911 733 733 733 733 
-1 906 761 733 
-1 911 911 761 
-1 911 911 906 733 733 
-1 911 906 906 733 
-1 761 733 
-1 906 761 
-1 911 911 906 906 906 
-1 761 733 733 733 733 
-1 911 911 733 
-1 906 761 733 733 
-1 906 906 906 
-1 906 906 733 733 
-1 911 906 761 733 733 733 733 
-1 911 761 761 733 733 
-1 906 906 733 
-1 911 911 
-1 911 761 733 
-1 911 906 761 
-1 906 906 733 
-1 906 906 733 733 
-1 911 906 906 
-1 906 906 733 733 
-1 733 733 
-1 906 761 733 733 
-1 911 911 911 906 906 906 761 
-1 911 911 906 733 
-1 911 906 761 733 
-1 906 906 906 733 
-1 911 906 906 906 761 761 733 
-1 911 911 906 761 761 733 733 733 733 
-1 906 761 761 761 761 733 
-1 906 906 906 733 733 
-1 
-1 761 733 733 
-1 733 733 733 
-1 911 906 906 906 761 761 733 733 
-1 911 906 906 906 761 733 
-1 911 906 761 
-1 761 733 
-1 911 906 
-1 
-1 733 733 
-1 911 906 
-1 761 733 733 
-1 906 733 733 
-1 906 906 761 761 733 733 
-1 906 906 761 733 733 
-1 911 906 906 761 761 
-1 906 761 733 733 733 733 733 
-1 906 
-1 911 906 
-1 911 906 733 733 
-1 911 911 911 906 733 733 
-1 906 906 761 733 733 
-1 911 906 906 
-1 660 660 656 656 656 
-1 660 660 660 660 656 656 656 
-1 660 831 
-1 660 660 660 831 656 
-1 660 660 660 660 656 656 656 656 656 656 
-1 660 660 660 660 660 
-1 660 831 656 656 656 
-1 831 656 656 656 
-1 660 660 660 656 656 656 656 656 
-1 660 660 656 656 
-1 660 951 656 656 656 
-1 660 656 656 656 
-1 660 660 660 951 656 656 656 
-1 660 656 656 656 
-1 660 660 660 656 656 
-1 660 656 656 
-1 660 951 656 656 
-1 660 660 656 656 
-1 656 
-1 951 656 656 
-1 660 
-1 656 
-1 660 656 656 656 
-1 660 831 656 656 656 
-1 660 656 656 656 656 656 656 
-1 660 660 951 656 656 656 656 656 656 
-1 660 660 660 660 660 951 656 656 
-1 660 656 656 656 656 656 
-1 660 660 951 
