-1 4 40 76 80 188 264 464 576 584 596 
-1 12 24 76 96 148 176 188 404 412 468 632 
-1 136 152 156 176 192 196 328 364 440 
-1 88 128 168 188 540 
-1 0 20 56 92 100 184 196 200 296 308 372 448 568 
-1 104 164 172 288 416 432 436 544 564 
-1 0 40 64 68 96 104 108 116 204 
-1 28 80 152 180 204 316 
-1 20 92 100 184 188 440 480 584 
-1 56 72 84 136 168 280 308 432 720 
-1 28 80 124 140 304 560 
-1 4 32 48 56 76 272 324 404 436 724 
-1 4 128 136 144 192 348 436 460 552 
-1 0 48 84 132 188 456 
-1 36 68 76 164 352 384 
-1 8 12 60 72 104 116 136 188 320 384 428 
-1 8 104 268 416 
-1 0 24 64 84 92 112 140 152 176 188 348 384 388 412 416 
-1 128 136 176 272 348 
-1 8 52 76 176 288 308 336 372 468 584 696 
-1 48 136 140 356 600 
-1 8 52 116 176 192 332 404 476 
-1 32 40 104 148 160 164 312 
-1 4 68 100 108 116 132 204 336 344 
-1 52 84 92 204 348 
-1 304 456 544 
-1 92 96 104 116 204 376 380 464 
-1 4 32 48 56 76 356 384 424 436 
-1 0 56 88 100 112 128 180 356 368 
-1 0 32 56 80 88 172 200 384 452 720 
-1 20 48 60 72 92 104 136 176 300 324 372 572 
-1 68 348 368 480 
-1 12 44 48 52 80 104 168 200 328 352 456 628 680 
-1 100 128 184 316 468 
-1 8 12 76 80 88 136 168 180 552 
-1 24 120 156 168 324 368 404 408 480 
-1 0 4 44 56 92 120 124 148 348 372 
-1 4 48 52 76 144 160 316 440 616 720 
-1 24 36 88 152 200 364 428 
-1 24 44 84 104 124 156 160 164 280 376 396 432 
-1 0 12 64 100 120 132 304 312 340 448 
-1 16 172 184 188 316 
-1 108 172 400 420 
-1 4 12 32 44 64 164 184 200 408 448 560 
-1 0 8 28 40 64 80 112 
-1 56 92 116 144 192 196 284 456 
-1 0 44 80 116 148 172 300 540 684 716 
-1 20 68 72 80 92 128 184 364 
-1 40 68 84 96 100 140 288 296 368 396 436 
-1 32 104 164 324 360 368 476 668 684 
-1 96 136 192 436 476 
-1 4 116 196 368 424 
-1 40 80 128 148 284 464 556 
-1 132 160 164 200 300 312 384 464 476 736 
-1 52 108 156 180 184 276 352 704 
-1 64 104 172 188 196 292 444 448 
-1 0 8 52 92 120 128 152 176 
-1 92 152 188 204 320 476 480 
-1 0 20 68 108 176 192 280 316 
-1 8 24 48 72 76 108 112 176 264 288 364 580 644 732 
-1 96 160 172 276 432 
-1 68 104 112 144 172 176 196 276 376 384 408 432 
-1 20 116 184 192 340 656 
-1 28 44 60 128 164 196 336 360 408 452 580 608 704 
-1 48 68 108 120 168 188 332 364 440 
-1 100 140 368 380 
-1 12 76 84 108 140 276 468 632 
-1 20 64 108 140 332 388 708 
-1 20 104 368 400 428 456 
-1 144 176 204 280 324 364 432 584 624 
-1 76 92 104 124 172 180 272 332 
-1 20 24 64 124 176 288 316 328 348 364 368 376 384 448 
-1 48 76 92 108 148 160 328 332 460 
-1 32 68 196 264 300 460 544 
-1 12 36 44 52 120 128 316 
-1 36 60 100 152 160 308 384 388 460 
-1 40 68 88 276 284 476 480 660 
-1 28 36 112 116 128 176 192 320 332 360 392 
-1 112 128 320 420 472 
-1 0 24 36 40 80 104 144 180 304 464 
-1 0 56 104 128 160 164 176 204 292 564 
-1 120 140 328 440 
-1 8 28 32 72 124 196 204 268 288 428 
-1 20 80 124 148 192 196 204 580 
-1 4 24 172 176 196 292 360 552 
-1 80 100 120 128 172 324 328 624 640 
-1 40 44 296 344 368 432 436 564 
-1 48 156 160 292 552 
-1 0 36 128 156 176 572 724 
-1 0 16 28 72 76 80 200 320 388 636 
-1 96 116 168 172 200 204 264 332 432 444 636 
-1 8 48 468 572 
-1 8 76 96 116 176 188 344 372 
-1 28 40 44 148 184 404 
-1 28 32 60 84 88 152 156 552 
-1 24 40 44 416 452 544 
-1 0 28 76 84 116 196 200 440 640 
-1 52 64 92 116 136 164 420 
-1 4 52 80 88 180 312 384 576 664 
-1 0 24 108 112 148 184 268 288 324 348 364 
-1 16 20 40 148 272 280 420 704 
-1 0 4 20 76 100 284 296 372 648 676 
-1 104 120 128 156 200 296 312 440 
-1 44 120 124 140 152 164 188 376 432 468 544 688 
-1 12 16 68 104 140 180 204 268 272 408 456 
-1 72 100 104 108 120 340 412 472 
-1 12 40 44 100 112 184 196 204 308 312 
-1 0 28 88 100 144 152 164 204 480 
-1 16 48 72 168 176 196 272 464 
-1 32 36 44 60 64 112 188 356 
-1 20 56 76 132 148 312 384 452 556 
-1 0 24 60 76 112 188 288 312 476 
-1 8 112 196 432 468 476 
-1 4 32 40 64 164 324 364 728 
-1 16 36 80 92 100 108 112 120 360 612 
-1 28 72 200 204 292 356 580 
-1 0 16 20 24 52 56 60 124 364 460 
-1 8 28 40 140 156 300 380 
-1 4 20 24 184 272 684 
-1 20 84 136 168 172 468 472 
-1 88 92 108 264 276 356 368 544 
-1 32 44 84 92 204 360 
-1 64 324 
-1 172 292 340 356 364 432 568 
-1 44 64 156 168 180 400 424 
-1 132 
-1 52 84 96 136 176 304 368 
-1 28 44 60 88 96 108 168 192 264 288 316 444 452 544 576 
-1 168 176 184 196 332 348 376 464 
-1 4 88 140 164 192 196 464 472 608 
-1 56 60 132 296 308 
-1 32 144 164 296 308 404 444 540 580 
-1 44 84 96 136 200 368 372 456 
-1 56 92 100 112 124 140 204 436 
-1 28 80 100 180 296 304 308 368 380 384 448 
-1 44 92 100 112 132 196 304 328 424 428 432 632 668 
-1 20 48 92 96 192 676 
-1 48 76 160 164 188 276 296 400 480 
-1 0 16 20 76 84 92 176 356 392 
-1 80 128 152 272 344 388 456 
-1 76 84 172 180 184 360 640 
-1 0 148 
-1 52 72 124 300 408 436 472 
-1 0 32 56 60 68 196 304 324 436 472 688 
-1 4 8 28 48 112 168 176 268 384 436 572 580 
-1 16 52 76 84 104 108 128 144 148 160 204 444 
-1 60 68 148 164 192 396 412 444 
-1 16 52 164 188 276 400 
-1 40 164 176 276 344 360 664 
-1 4 8 48 56 164 328 704 
-1 20 48 84 96 104 116 152 160 184 552 584 
-1 8 12 16 32 84 136 160 188 332 384 416 444 
-1 16 28 80 116 156 192 472 560 
-1 8 40 92 316 320 368 472 720 
-1 36 44 56 280 440 448 
-1 12 16 36 48 68 124 128 136 176 356 372 440 564 
-1 4 60 80 100 104 112 280 300 352 
-1 32 92 196 200 400 
-1 0 4 84 104 160 192 204 280 416 428 
-1 72 104 172 204 360 364 432 572 
-1 12 60 80 180 192 368 392 
-1 16 24 88 92 168 196 200 408 544 552 
-1 0 76 104 112 124 164 268 348 400 
-1 4 40 104 140 144 184 268 320 372 388 444 452 480 600 680 
-1 12 16 112 120 136 168 172 192 280 284 376 412 
-1 12 32 36 40 64 92 468 
-1 60 84 96 108 140 160 168 200 204 400 420 456 716 
-1 24 36 88 96 140 152 276 424 432 576 
-1 0 4 56 120 128 192 432 580 
-1 116 120 272 412 424 460 472 620 
-1 0 4 24 68 84 96 136 140 200 448 736 
-1 72 160 188 440 452 664 
-1 56 88 136 160 172 176 184 352 472 480 
-1 148 152 188 280 304 420 544 700 
-1 72 128 168 204 
-1 80 84 112 160 184 404 408 420 548 
-1 64 116 132 176 584 
-1 36 52 80 128 136 152 160 368 576 
-1 24 180 276 736 
-1 8 24 32 112 172 276 424 564 
-1 24 44 48 84 88 100 152 296 360 
-1 64 156 164 204 300 356 360 396 420 448 676 
-1 0 100 132 152 272 316 380 384 448 576 600 
-1 0 8 72 84 88 156 172 276 360 472 572 728 
-1 36 84 100 128 152 156 188 284 296 420 692 
-1 24 28 52 60 84 
-1 36 40 60 88 152 156 272 
-1 64 80 124 132 160 188 200 288 480 
-1 60 136 148 200 288 
-1 12 40 68 80 84 116 188 192 348 368 384 388 404 
-1 4 56 140 156 368 576 
-1 32 44 72 136 152 172 192 440 668 
-1 96 112 116 176 188 192 328 364 
-1 8 48 80 100 124 164 168 172 176 188 196 204 332 356 364 
-1 100 136 144 288 452 
-1 40 104 140 144 200 284 552 
-1 24 80 96 176 180 196 384 388 444 
-1 20 28 32 104 112 160 180 416 456 680 
-1 124 132 144 148 192 264 372 424 444 448 480 
-1 52 68 72 120 164 196 284 332 556 688 
-1 36 44 64 156 160 192 368 372 476 
-1 12 72 88 156 168 280 296 452 672 
-1 76 80 176 
-1 32 68 92 136 432 
-1 8 20 44 108 168 172 188 440 
-1 16 28 152 304 360 600 716 
-1 12 68 92 192 276 320 328 436 452 564 
-1 76 80 92 108 192 200 376 640 
-1 28 32 64 112 124 136 152 168 188 284 400 412 
-1 12 16 60 80 96 112 116 124 188 336 344 360 432 540 
-1 8 36 44 68 116 196 456 568 
-1 4 16 92 108 132 564 
-1 104 108 112 160 168 196 308 320 324 568 576 732 
-1 0 16 24 48 52 64 88 108 132 168 180 188 200 540 652 
-1 0 48 68 76 96 120 132 156 172 200 204 388 464 472 692 
-1 48 52 64 88 160 188 196 364 368 572 
-1 0 24 28 76 80 100 104 296 420 548 
-1 104 352 424 568 572 
-1 8 16 24 64 80 100 104 112 168 180 188 296 452 584 
-1 4 12 76 92 100 104 132 156 160 168 172 
-1 16 32 56 112 136 140 188 192 332 544 
-1 32 56 76 112 176 184 200 328 452 564 
-1 24 44 96 128 132 284 576 
-1 4 44 48 68 72 76 80 84 160 168 180 188 
-1 40 64 76 92 108 164 168 172 176 200 300 336 348 
-1 68 116 128 184 368 
-1 16 20 40 64 84 88 120 128 168 200 300 340 564 
-1 24 28 48 76 88 100 116 156 176 264 308 364 408 564 
-1 40 44 104 148 708 
-1 12 36 100 128 132 176 192 272 280 364 548 
-1 16 24 48 52 176 196 328 
-1 16 28 112 136 148 152 160 192 364 
-1 16 40 56 64 156 160 184 268 400 412 444 544 
-1 44 96 120 128 140 144 148 312 320 440 480 
-1 24 60 64 72 104 140 164 180 380 384 460 540 548 
-1 16 28 32 40 68 120 148 156 160 184 200 332 400 408 576 
-1 4 24 40 64 76 144 168 336 404 424 584 
-1 12 20 48 64 96 116 144 156 316 344 376 
-1 36 52 72 136 152 176 196 292 468 
-1 56 84 92 156 404 
-1 40 84 128 144 168 172 
-1 24 64 72 88 140 144 148 164 388 476 576 584 688 
-1 60 92 112 124 128 136 164 344 392 544 
-1 16 60 76 148 164 176 180 184 272 
-1 28 72 88 100 136 160 312 540 548 576 
-1 0 40 84 96 144 176 204 396 476 552 
-1 16 28 36 64 120 132 168 184 340 348 552 644 
-1 8 80 116 140 164 192 304 352 396 428 568 
-1 48 76 80 88 144 152 176 332 568 
-1 36 76 100 148 356 364 436 548 
-1 0 44 52 56 60 72 108 148 160 200 560 
-1 4 20 68 72 96 124 184 196 276 300 316 320 368 372 584 
-1 0 28 80 92 96 132 144 184 292 364 368 408 412 476 
-1 8 100 104 128 148 160 168 176 624 
-1 20 68 100 136 152 164 340 444 540 552 564 
-1 8 136 140 160 168 172 180 364 540 564 584 
-1 4 60 64 76 88 128 172 188 192 400 420 452 556 
-1 36 68 160 200 272 316 404 456 
-1 76 128 140 152 176 308 
-1 4 36 132 144 160 168 336 396 556 
-1 12 36 76 80 120 176 180 200 440 572 
-1 68 84 88 100 112 124 148 200 280 576 
-1 72 108 188 196 288 340 408 412 428 460 
-1 36 76 84 92 104 140 148 152 204 292 468 584 596 
-1 368 424 680 
-1 308 336 372 688 
-1 304 388 408 424 432 632 708 
-1 468 
-1 292 340 428 628 684 696 
-1 304 348 424 456 580 608 
-1 56 420 660 
-1 620 676 
-1 168 396 448 648 
-1 20 76 400 420 424 448 632 640 668 
-1 32 600 
-1 280 364 376 400 416 644 708 732 
-1 160 292 372 444 464 700 708 
-1 20 296 304 480 
-1 288 304 388 452 628 648 684 
-1 160 340 472 696 700 708 724 
-1 340 368 376 404 420 452 644 
-1 36 280 312 328 408 704 
-1 64 
-1 312 344 672 728 
-1 304 400 416 616 
-1 308 364 596 700 
-1 264 444 472 712 
-1 104 276 340 368 376 388 700 708 
-1 452 540 680 732 
-1 276 336 340 620 716 
-1 432 472 540 700 724 
-1 104 360 468 
-1 312 440 456 660 716 
-1 272 284 372 376 380 428 440 600 680 
-1 316 352 360 428 448 452 636 672 684 
-1 280 284 360 652 684 
-1 284 308 464 624 696 
-1 152 328 
-1 124 292 304 308 412 420 556 688 704 732 
-1 288 332 352 380 640 668 732 
-1 264 340 384 476 616 632 648 676 
-1 284 324 420 476 540 608 684 
-1 72 116 316 472 552 556 624 716 
-1 284 452 632 668 
-1 468 632 660 
-1 344 672 
-1 300 
-1 344 396 416 468 612 708 
-1 336 696 
-1 336 476 600 612 
-1 140 372 648 
-1 160 268 292 356 604 612 644 660 
-1 76 184 400 636 
-1 272 716 
-1 272 372 444 468 
-1 304 308 424 444 628 720 
-1 360 464 628 
-1 324 348 440 624 716 
-1 712 
-1 304 340 344 
-1 172 312 412 648 660 
-1 76 328 332 336 
-1 100 380 448 
-1 368 380 
-1 56 268 340 432 640 644 668 
-1 344 656 660 736 
-1 276 288 364 416 624 656 
-1 152 296 464 
-1 32 168 552 620 
-1 124 332 612 628 680 
-1 12 264 316 628 664 684 
-1 152 396 444 572 600 608 676 688 728 
-1 272 296 688 
-1 284 600 628 
-1 304 400 624 648 656 696 708 
-1 308 396 428 624 648 688 724 
-1 416 668 
-1 364 476 624 704 
-1 308 348 664 
-1 100 344 380 420 640 
-1 396 472 656 668 
-1 128 360 384 440 468 716 
-1 272 292 300 368 372 380 384 460 
-1 304 584 
-1 436 676 
-1 316 340 476 660 708 
-1 272 348 440 560 620 648 656 664 684 
-1 360 476 656 
-1 336 344 436 444 616 672 676 712 716 
-1 124 272 356 424 448 596 692 728 
-1 8 316 436 
-1 364 452 580 620 
-1 380 692 712 
-1 284 288 312 412 452 600 692 
-1 272 280 300 308 388 608 
-1 12 460 640 672 720 
-1 288 324 328 644 
-1 312 316 444 668 736 
-1 308 660 
-1 32 460 656 
-1 20 280 424 656 
-1 320 388 448 540 732 
-1 316 336 424 480 552 716 
-1 140 272 308 368 668 720 732 
-1 300 344 548 576 656 
-1 300 468 728 
-1 364 396 456 596 672 720 
-1 
-1 428 704 732 
-1 284 380 384 448 652 664 684 704 
-1 64 336 376 416 420 628 
-1 424 432 
-1 176 476 604 
-1 276 344 380 596 644 
-1 52 268 276 396 448 632 664 
-1 324 356 380 412 460 464 584 
-1 376 400 456 616 
-1 432 624 660 
-1 376 424 584 
-1 188 280 328 420 456 
-1 288 292 440 612 628 
-1 44 340 368 456 640 
-1 316 412 620 652 728 
-1 68 336 472 600 632 
-1 144 272 320 372 376 444 468 472 476 
-1 300 388 640 688 
-1 176 364 440 
-1 32 380 400 404 684 
-1 272 284 380 404 416 460 
-1 304 652 
-1 188 300 392 
-1 332 392 632 728 
-1 124 300 320 380 636 696 
-1 356 700 
-1 296 312 316 396 412 676 716 
-1 436 632 644 688 700 704 708 716 
-1 636 680 704 
-1 596 
-1 360 456 476 608 636 664 668 
-1 344 636 
-1 144 396 452 456 656 724 
-1 276 312 340 372 396 460 608 652 
-1 300 328 348 432 444 608 640 720 
-1 384 468 596 628 672 
-1 344 396 400 412 428 440 
-1 156 268 292 428 456 
-1 148 300 320 352 388 644 728 
-1 380 424 604 
-1 140 480 600 604 624 716 
-1 64 340 540 676 716 728 
-1 204 328 340 364 
-1 96 400 420 
-1 264 324 412 664 
-1 332 348 452 608 724 
-1 376 420 604 676 
-1 264 328 356 396 404 476 688 700 
-1 728 
-1 264 412 472 476 
-1 80 340 416 440 612 716 
-1 288 468 676 696 700 
-1 376 440 464 708 
-1 88 468 476 712 
-1 356 388 436 612 
-1 296 300 328 348 
-1 316 344 364 596 608 
-1 704 
-1 304 316 404 432 616 
-1 296 380 392 404 440 636 708 720 
-1 424 628 
-1 284 360 412 476 624 636 692 
-1 84 476 704 
-1 8 444 452 468 544 616 712 
-1 320 332 380 596 
-1 284 352 404 620 732 
-1 284 356 360 672 716 
-1 52 332 396 600 612 716 
-1 292 316 364 368 396 460 
-1 292 332 420 600 628 660 672 724 
-1 12 392 684 720 
-1 452 648 664 672 692 
-1 340 344 372 396 456 612 640 656 672 
-1 180 328 344 424 624 652 
-1 124 316 408 436 468 580 724 
-1 292 312 468 
-1 404 432 656 732 
-1 440 656 692 728 
-1 116 312 636 648 692 708 
-1 280 408 472 612 
-1 180 300 348 356 444 596 644 
-1 88 420 648 736 
-1 136 340 352 416 460 572 584 596 
-1 360 440 452 456 
-1 344 472 636 
-1 400 432 640 
-1 408 448 596 712 
-1 72 76 448 604 
-1 4 8 268 400 440 
-1 276 364 388 600 700 712 
-1 264 300 316 352 440 572 600 652 708 
-1 268 420 440 456 640 680 
-1 332 336 372 384 404 620 676 
-1 188 312 380 436 472 716 
-1 288 376 384 644 
-1 152 268 280 360 400 404 480 
-1 152 280 344 632 648 708 
-1 316 348 404 456 472 636 700 
-1 396 624 708 732 
-1 164 284 372 404 464 624 632 724 732 
-1 308 
-1 76 396 596 644 
-1 272 468 596 656 708 716 
-1 340 736 
-1 340 364 612 636 644 668 704 
-1 324 344 444 472 620 676 
-1 
-1 324 344 412 460 604 648 704 
-1 264 280 332 368 432 600 616 680 736 
-1 276 680 736 
-1 400 696 
-1 448 704 
-1 440 628 716 
-1 348 456 
-1 112 156 188 296 304 332 372 444 476 696 
-1 72 84 96 120 124 300 304 320 380 388 400 428 440 444 612 644 680 716 
-1 8 44 128 132 280 324 404 436 672 684 688 692 716 
-1 112 128 168 200 204 312 336 360 428 656 688 712 724 
-1 4 56 76 272 284 376 468 476 600 616 620 628 652 712 
-1 28 40 104 168 380 388 480 640 660 680 708 728 
-1 20 28 68 120 140 176 332 408 440 624 628 700 
-1 12 88 100 148 168 184 296 308 320 380 444 480 720 
-1 132 432 452 480 632 724 732 
-1 16 20 28 140 156 264 280 376 384 468 612 
-1 32 60 152 156 320 480 672 
-1 164 656 
-1 56 132 268 304 356 436 460 696 724 
-1 0 16 56 136 356 400 428 480 596 616 624 636 
-1 16 40 68 84 128 172 348 360 368 436 452 476 644 684 716 736 
-1 24 52 88 100 184 200 312 368 684 708 736 
-1 132 144 376 384 404 424 428 656 680 700 
-1 172 184 268 304 316 372 472 664 672 
-1 120 148 320 344 348 352 432 448 596 676 728 
-1 12 96 200 376 412 444 448 476 632 648 656 660 680 712 732 
-1 104 160 268 352 416 420 624 704 708 720 728 
-1 188 320 364 372 464 688 736 
-1 356 392 688 732 
-1 24 52 104 144 152 164 264 300 404 424 468 472 476 620 632 680 716 728 
-1 52 116 132 264 280 292 416 432 460 472 612 616 680 
-1 28 32 56 64 88 188 200 352 404 684 696 700 716 736 
-1 108 128 156 200 412 612 616 624 628 636 704 724 
-1 108 164 264 280 324 360 372 440 624 684 
-1 12 68 104 112 140 168 196 296 600 664 688 716 
-1 16 64 84 160 168 280 348 364 400 456 696 
-1 28 48 120 128 160 272 400 428 436 444 452 472 628 704 
-1 32 48 60 156 160 292 300 336 544 600 636 640 664 
-1 100 108 116 120 152 272 412 428 708 716 
-1 12 108 140 192 196 296 300 304 360 392 464 644 680 724 
-1 16 96 120 128 136 176 284 296 328 344 372 396 432 612 716 
-1 8 48 68 356 364 420 424 444 620 636 656 696 708 724 
-1 64 72 96 136 168 176 312 340 384 396 404 436 624 636 656 660 688 696 
-1 28 164 344 356 384 416 428 472 600 608 620 636 708 724 
-1 188 280 416 600 632 636 692 
-1 80 120 128 292 328 332 344 380 408 464 476 628 640 652 716 
-1 4 60 176 408 436 600 608 636 692 
-1 156 308 360 404 408 420 444 600 688 692 720 
-1 36 40 172 288 344 384 404 408 476 608 736 
-1 16 68 108 152 316 324 340 372 388 456 604 616 
-1 0 20 84 116 268 288 308 384 632 712 
-1 24 48 116 144 204 312 364 400 408 428 452 608 648 684 696 712 724 736 
-1 36 116 148 172 276 324 400 440 444 452 460 600 612 632 640 672 
-1 4 12 40 108 320 348 452 596 600 716 736 
-1 4 36 352 616 640 652 668 736 
-1 8 16 60 68 128 132 296 416 476 620 632 732 
-1 32 48 60 168 176 184 200 268 312 316 368 380 424 444 608 636 672 692 
-1 16 56 124 156 312 456 472 480 612 616 660 708 
-1 64 112 140 308 356 376 424 460 616 652 708 
-1 12 104 172 184 324 364 408 420 600 608 612 700 704 728 
-1 12 60 88 92 284 304 344 380 404 452 620 624 644 
-1 88 92 128 160 176 200 204 288 292 388 436 672 
-1 20 312 324 336 584 672 
-1 20 52 144 340 364 444 584 616 
-1 60 96 124 176 368 548 
-1 8 28 36 48 140 152 156 464 476 548 572 
-1 144 160 268 320 556 
-1 20 32 40 100 132 136 160 468 
-1 0 12 28 52 196 452 456 716 
-1 0 72 116 124 180 328 436 720 
-1 4 8 48 76 84 124 132 144 156 160 188 192 204 564 572 
-1 140 196 400 468 564 640 712 
-1 88 152 200 264 300 316 344 368 408 452 540 552 
-1 20 96 156 272 404 420 564 656 728 
-1 16 140 160 204 468 688 
-1 0 132 180 276 288 444 472 688 
-1 60 96 108 148 196 284 416 428 
-1 120 136 176 204 296 324 388 676 724 
-1 0 24 108 120 204 300 312 560 572 612 
-1 0 56 60 64 80 124 184 432 568 636 
-1 24 28 88 100 284 312 412 420 456 
-1 28 72 120 188 380 540 552 
-1 24 72 136 188 268 416 468 
-1 28 80 92 100 280 
-1 12 24 68 72 120 172 196 204 408 472 552 556 576 664 
-1 28 56 108 128 148 152 180 464 576 584 600 
-1 12 36 124 144 188 200 420 476 480 568 572 576 660 668 
-1 80 112 124 136 188 284 392 448 452 684 
-1 36 92 100 296 368 672 
-1 8 32 88 96 104 144 204 368 540 564 584 692 
-1 44 80 100 124 128 156 312 328 456 472 
-1 20 44 68 268 396 448 
-1 92 148 184 200 304 352 376 
-1 8 44 112 136 172 176 188 544 580 676 
-1 76 92 96 104 116 128 136 204 304 564 616 
-1 76 88 156 196 276 400 556 572 
-1 40 108 156 172 200 336 360 468 540 548 
-1 8 44 56 72 180 204 276 460 
-1 60 188 392 420 460 576 628 728 
-1 8 12 40 52 184 340 408 568 576 628 
-1 16 128 136 172 196 288 436 568 580 616 632 
-1 72 108 148 172 328 420 436 440 476 
-1 8 20 56 68 108 116 336 340 448 
-1 24 28 92 96 172 540 552 
-1 44 68 80 88 196 304 388 420 468 544 
-1 12 24 28 88 100 136 160 164 376 404 460 728 
-1 8 52 184 188 196 352 420 476 560 572 
-1 32 52 72 160 172 352 568 
-1 12 24 48 100 136 180 280 584 676 
-1 4 76 188 452 
-1 52 184 420 468 584 664 
-1 52 288 320 552 572 
-1 80 104 108 116 264 308 456 576 632 
-1 52 200 596 
-1 8 20 48 56 120 136 440 468 
-1 156 268 308 572 596 
-1 72 128 136 396 448 
-1 36 48 280 
-1 80 204 308 384 548 628 696 
-1 476 556 692 700 
-1 568 
-1 376 476 628 632 664 680 704 708 
-1 12 72 132 156 548 
-1 368 448 452 572 612 640 712 728 
-1 132 372 392 432 472 
-1 724 
-1 304 348 420 584 668 716 
-1 444 564 656 704 
-1 464 664 688 
-1 156 276 572 596 732 
-1 276 308 328 408 424 644 
-1 92 280 372 400 420 444 560 608 
-1 284 580 600 684 
-1 188 360 712 
-1 36 468 688 720 
-1 320 344 544 596 
-1 36 360 548 
-1 92 704 
-1 296 436 452 572 596 
-1 84 320 632 
-1 320 568 
-1 92 192 476 612 640 668 676 688 720 
-1 552 568 596 624 
-1 376 544 
-1 192 268 548 736 
-1 124 612 
-1 56 304 332 456 560 644 
-1 276 396 416 544 568 628 
-1 336 368 392 456 544 680 696 
-1 152 396 408 472 556 652 704 
-1 48 368 380 444 556 616 
-1 120 400 680 692 708 
-1 564 572 
-1 24 32 44 196 596 672 
-1 352 372 620 636 
-1 284 472 
-1 364 476 696 
-1 184 356 448 552 572 584 624 
-1 320 328 340 700 
-1 68 148 556 584 680 
-1 312 412 544 552 572 580 708 
-1 52 100 188 620 636 724 
-1 
-1 348 428 480 736 
-1 464 656 716 
-1 400 468 
-1 196 572 596 656 
-1 312 328 400 548 576 644 696 
-1 52 192 276 580 672 
-1 368 576 616 712 720 
-1 12 156 264 376 408 436 656 728 
-1 92 696 
-1 56 148 360 660 
-1 204 400 456 564 576 656 692 
-1 152 176 584 708 
-1 80 172 332 616 
-1 200 548 560 572 644 
-1 204 616 
-1 128 560 628 672 
-1 4 416 540 552 568 
-1 160 196 380 408 568 652 660 
-1 420 580 652 
-1 120 300 
-1 300 444 472 556 
-1 32 96 468 608 648 736 
-1 184 284 352 580 640 724 732 
-1 164 396 
-1 140 436 688 
-1 656 672 
-1 196 440 652 
-1 96 168 184 460 732 
-1 312 324 380 400 404 436 456 628 700 708 724 
-1 80 280 432 
-1 556 676 
-1 164 292 540 672 
-1 544 692 
-1 164 444 640 644 656 680 692 
-1 28 144 692 704 
-1 136 176 560 612 624 
-1 300 544 
-1 304 324 584 688 
-1 200 264 296 324 608 736 
-1 292 300 336 352 
-1 560 
-1 348 384 456 732 
-1 348 424 
-1 128 616 644 700 724 
-1 396 568 624 
-1 72 148 552 
-1 92 112 320 628 656 
-1 160 336 408 612 
-1 580 624 
-1 352 540 
-1 32 108 264 336 440 
-1 568 604 624 644 708 
-1 40 200 648 
-1 456 576 612 680 
-1 372 392 464 
-1 304 388 652 736 
-1 152 320 576 656 704 720 728 
-1 32 560 576 608 684 
-1 384 460 620 
-1 124 128 
-1 44 584 608 
-1 116 312 580 
-1 408 432 604 
-1 280 324 644 724 
-1 180 436 464 
-1 368 372 600 632 
-1 596 624 
-1 268 548 604 660 
-1 112 184 188 292 308 340 556 
-1 8 144 324 616 
-1 80 476 540 676 
-1 288 364 440 616 
-1 60 364 388 448 548 580 660 
-1 184 192 284 576 580 624 684 712 732 
-1 436 548 568 580 584 688 
-1 264 336 400 644 700 
-1 
-1 580 672 736 
-1 600 696 720 
-1 80 396 440 448 548 576 648 704 
-1 172 368 404 476 580 628 
-1 152 408 544 
-1 548 688 
-1 112 360 
-1 
-1 600 692 
-1 28 460 
-1 568 652 676 
-1 472 652 728 
-1 264 476 544 548 620 664 
-1 340 420 556 632 732 
-1 4 340 464 544 572 
-1 372 544 608 632 664 692 724 
-1 460 
-1 84 352 
-1 84 272 612 676 
-1 8 28 172 400 668 736 
-1 288 292 560 608 640 
-1 0 272 432 
-1 32 72 616 708 736 
-1 40 100 172 192 624 704 708 
-1 52 580 
-1 12 36 76 564 720 
-1 4 8 116 120 612 624 632 728 732 736 
-1 60 80 132 192 200 
-1 204 584 632 696 704 
-1 544 652 672 696 
-1 116 124 156 600 620 644 664 712 
-1 148 184 644 712 
-1 12 356 676 716 728 
-1 144 612 664 676 
-1 72 128 136 356 656 660 668 
-1 52 604 644 668 
-1 116 168 196 612 656 
-1 60 604 736 
-1 128 272 596 640 
-1 108 128 640 720 
-1 648 
-1 328 688 704 
-1 76 
-1 696 
-1 128 620 640 700 
-1 92 560 600 628 672 
-1 156 644 652 676 696 704 712 
-1 40 144 364 596 604 616 708 716 724 
-1 12 20 100 104 132 296 636 688 
-1 112 608 644 680 684 728 
-1 0 20 472 
