-1 7 51 67 84 85 94 95 100 122 164 166 191 222 228 229 232 234 239 245 252 259 343 371 473 486 492 504 514 521 543 551 567 568 583 705 724 
-1 
-1 
-1 
-1 0 1 7 8 14 50 57 59 60 79 82 83 94 106 113 114 126 132 139 140 143 166 168 173 183 191 202 206 209 222 232 239 244 248 251 357 439 508 513 541 553 557 573 575 594 669 670 735 
-1 
-1 
-1 
-1 10 17 19 28 29 34 42 53 71 74 102 105 106 111 126 135 180 181 209 212 216 224 227 229 248 252 254 257 258 324 443 484 499 525 530 534 543 564 572 574 583 591 631 653 741 763 
-1 
-1 
-1 
-1 2 10 22 38 41 46 62 72 77 82 86 87 88 90 93 103 110 111 126 127 129 142 148 161 197 219 220 223 224 232 237 245 310 401 438 486 487 490 501 507 518 547 582 587 724 759 
-1 
-1 
-1 
-1 11 19 20 26 31 39 49 63 76 89 113 119 126 136 140 143 146 175 207 214 220 226 227 240 246 249 250 254 292 355 424 483 490 497 500 533 553 556 559 566 575 579 583 760 761 763 
-1 
-1 
-1 
-1 7 30 37 44 54 57 77 80 81 106 109 114 119 134 149 154 175 185 205 206 215 217 222 223 228 237 238 247 248 252 256 486 499 500 505 513 520 557 558 569 588 613 741 750 
-1 
-1 
-1 
-1 4 9 14 15 22 24 31 34 45 46 60 72 87 89 160 162 183 207 212 213 217 234 246 250 251 253 261 262 339 403 489 492 496 499 525 545 550 562 573 575 580 590 632 676 
-1 
-1 
-1 
-1 0 10 21 31 52 53 58 79 80 92 107 109 122 124 134 142 144 149 156 166 167 175 182 183 192 194 196 199 233 235 254 256 263 482 484 486 491 499 508 509 512 513 525 528 548 556 557 558 566 573 579 583 591 593 604 749 
-1 
-1 
-1 
-1 14 61 69 78 96 97 98 115 119 121 129 143 163 197 212 213 217 220 233 235 243 246 248 249 256 258 271 383 495 506 538 540 549 616 633 698 720 746 759 
-1 
-1 
-1 
-1 0 15 17 31 40 47 52 65 69 78 113 115 129 131 139 158 163 181 199 203 204 205 213 253 457 526 539 564 565 568 583 616 680 693 763 
-1 
-1 
-1 
-1 42 48 50 54 63 65 66 73 97 99 132 142 153 168 169 171 182 186 196 213 216 218 243 256 258 263 453 498 511 568 570 584 589 590 
-1 
-1 
-1 
-1 13 20 24 29 41 53 60 97 99 106 118 124 131 134 135 139 158 170 186 190 193 197 214 215 237 246 247 249 262 397 444 491 494 510 528 532 561 567 568 577 605 714 736 
-1 
-1 
-1 
-1 8 19 24 26 33 36 45 53 71 112 129 137 147 151 162 177 178 212 229 240 339 504 517 530 537 540 541 545 553 557 564 568 625 631 657 747 
-1 
-1 
-1 
-1 20 46 47 52 90 93 99 102 106 110 128 129 138 143 144 166 184 189 190 192 197 200 214 220 231 237 239 240 253 257 259 261 503 514 515 521 538 551 562 583 706 
-1 
-1 
-1 
-1 13 25 26 44 56 110 118 136 139 144 155 178 191 193 206 213 214 215 218 221 228 230 231 240 245 248 251 255 258 490 495 496 507 514 532 538 540 550 560 561 564 568 578 580 581 582 585 632 754 
-1 
-1 
-1 
-1 1 9 37 38 39 49 105 121 128 131 138 147 148 152 184 187 189 209 213 241 245 246 247 248 423 511 553 573 584 700 707 751 
-1 
-1 
-1 
-1 2 12 13 26 29 32 43 46 58 60 74 78 80 128 133 136 145 150 176 207 215 217 218 226 229 232 234 251 257 260 263 360 463 488 516 518 539 547 550 563 576 589 591 764 
-1 
-1 
-1 
-1 0 6 10 24 33 38 40 42 49 51 73 122 134 137 144 153 199 205 208 209 232 233 234 245 253 255 259 263 347 416 459 476 493 508 514 521 525 541 545 561 565 573 650 
-1 
-1 
-1 
-1 0 12 22 27 37 39 59 63 66 68 73 79 99 141 149 159 163 164 167 175 178 204 208 211 237 246 253 256 257 260 261 371 425 494 501 523 529 535 537 546 564 647 674 766 
-1 
-1 
-1 
-1 6 11 30 37 42 46 49 60 79 124 135 139 141 142 150 173 176 181 193 208 217 245 247 249 250 252 253 260 461 554 555 576 584 628 652 765 
-1 
-1 
-1 
-1 2 25 42 71 97 100 138 146 159 162 163 173 174 184 191 201 213 218 228 250 251 485 497 504 510 518 538 588 607 617 633 667 696 722 749 
-1 
-1 
-1 
-1 22 27 28 33 42 43 48 53 68 71 72 84 85 94 96 97 103 108 122 124 143 148 164 175 181 182 184 193 220 223 233 249 438 536 541 542 562 568 591 684 
-1 
-1 
-1 
-1 3 4 24 31 32 38 42 49 51 53 58 59 98 100 129 139 149 160 166 197 207 214 217 224 232 234 242 252 319 367 414 511 537 544 561 563 564 567 577 579 580 585 621 652 680 703 
-1 
-1 
-1 
-1 11 21 23 29 61 65 67 70 74 75 81 86 98 101 106 110 128 129 150 166 173 183 190 191 197 211 213 218 223 227 233 239 240 241 243 249 397 493 504 506 512 548 553 556 561 577 711 
-1 
-1 
-1 
-1 15 32 36 46 56 57 66 74 78 84 97 102 109 111 114 127 135 143 170 174 178 180 183 214 215 222 231 236 237 248 252 258 261 495 498 508 521 542 548 562 574 576 585 600 703 736 742 754 758 
-1 
-1 
-1 
-1 6 10 21 35 50 51 56 61 76 77 90 92 99 101 113 125 133 145 156 170 174 177 198 199 205 208 211 226 230 250 487 490 495 533 554 570 578 587 711 761 762 
-1 
-1 
-1 
-1 4 8 25 40 42 47 49 54 58 66 68 74 84 88 90 107 117 123 142 143 159 167 172 175 182 184 192 197 201 211 212 222 246 248 254 334 364 450 506 543 572 573 577 593 614 754 
-1 
-1 
-1 
-1 7 17 31 41 48 64 69 79 84 86 89 96 99 115 139 146 153 157 160 183 186 188 202 218 219 247 249 255 494 531 536 541 550 557 560 575 591 615 758 
-1 
-1 
-1 
-1 11 24 39 44 57 60 70 82 94 102 111 114 118 130 145 149 172 174 178 182 187 188 189 202 208 221 222 226 232 257 379 491 493 561 566 577 579 642 707 741 755 
-1 
-1 
-1 
-1 2 7 11 38 41 54 56 74 87 88 125 129 149 175 182 186 194 206 213 215 232 235 244 250 256 257 339 363 450 496 505 512 516 542 544 552 572 576 577 582 646 720 749 
-1 
-1 
-1 
-1 3 7 22 48 49 50 56 62 68 80 93 95 116 118 148 152 169 173 175 183 188 190 207 210 213 222 223 226 230 241 258 433 484 491 521 547 552 556 557 558 590 668 706 728 734 
-1 
-1 
-1 
-1 1 14 42 52 53 63 66 69 73 87 96 104 112 128 138 144 146 159 160 172 180 220 232 235 237 248 249 250 492 497 518 520 525 537 540 541 542 546 549 581 583 640 689 707 725 740 757 
-1 
-1 
-1 
-1 24 27 31 39 59 68 99 130 148 150 151 176 179 193 208 216 221 226 236 247 248 252 338 424 444 484 497 508 521 523 540 554 555 556 587 590 619 687 738 743 752 762 
-1 
-1 
-1 
-1 11 37 51 53 56 67 90 100 108 121 126 128 151 156 165 169 183 193 204 208 211 212 213 225 265 424 493 494 495 504 532 537 555 559 566 575 580 581 583 584 588 590 720 747 757 759 762 
-1 
-1 
-1 
-1 1 11 16 18 42 44 45 50 69 84 86 94 95 98 105 108 112 135 153 159 167 175 176 183 190 220 235 241 243 245 250 322 492 507 512 534 538 543 545 556 570 574 577 579 580 587 617 750 751 754 755 758 
-1 
-1 
-1 
-1 10 21 25 29 34 37 44 54 64 67 71 75 79 83 87 94 109 110 112 113 115 134 146 153 159 175 181 186 205 207 212 223 232 233 236 241 244 258 262 404 427 488 497 540 545 551 565 566 576 593 643 
-1 
-1 
-1 
-1 1 13 15 16 18 57 68 72 80 86 105 108 112 114 115 121 136 138 141 171 174 185 194 198 206 207 219 223 233 239 243 245 248 250 259 390 455 492 502 514 516 558 567 568 569 615 628 680 715 729 759 
-1 
-1 
-1 
-1 0 14 18 24 25 28 43 44 45 46 48 57 61 75 89 107 118 123 126 128 132 139 141 158 160 163 169 173 197 213 215 221 227 239 265 368 418 426 483 492 497 499 522 524 640 764 
-1 
-1 
-1 
-1 11 41 49 57 62 67 68 77 87 100 106 114 122 140 146 179 181 190 195 198 210 224 226 233 241 474 490 491 509 516 520 522 537 545 546 562 573 580 623 676 755 761 
-1 
-1 
-1 
-1 4 14 35 62 69 82 93 103 110 112 157 158 174 212 216 228 235 251 255 258 350 355 367 471 490 522 537 543 570 575 576 580 607 661 678 
-1 
-1 
-1 
-1 14 16 17 19 29 49 51 58 61 69 72 76 106 118 123 157 159 183 203 224 226 227 228 232 242 243 246 252 256 262 392 443 488 491 504 526 528 530 537 542 549 558 566 577 584 587 635 
-1 
-1 
-1 
-1 10 13 15 18 23 25 26 31 38 83 115 124 141 145 166 177 183 189 191 198 216 217 221 225 233 237 244 246 258 262 263 470 485 498 505 508 535 545 546 551 555 567 568 574 580 581 584 628 637 643 
-1 
-1 
-1 
-1 9 10 27 41 54 61 85 89 90 112 122 132 146 148 154 155 159 174 193 213 215 230 234 235 240 246 249 254 262 485 487 503 530 534 577 725 751 
-1 
-1 
-1 
-1 2 15 36 47 53 61 67 79 98 99 111 112 114 124 125 126 131 143 155 162 175 178 182 193 198 219 230 237 239 249 250 252 259 288 413 493 501 503 509 518 522 548 554 569 571 572 582 592 627 645 751 754 
-1 
-1 
-1 
-1 3 14 18 24 29 37 61 74 93 97 124 158 160 166 183 189 235 248 249 257 276 305 325 329 495 508 520 533 536 546 564 728 745 
-1 
-1 
-1 
-1 9 36 37 40 62 70 88 117 130 134 140 143 145 146 152 171 179 181 184 212 215 218 239 241 249 253 256 259 392 497 511 520 522 534 540 548 555 578 597 609 618 624 641 696 
-1 
-1 
-1 
-1 16 24 47 73 100 101 104 107 140 146 165 168 174 183 185 188 196 204 208 213 219 222 229 230 235 237 250 258 259 293 298 503 521 525 544 558 626 762 
-1 
-1 
-1 
-1 10 13 25 38 73 85 89 103 106 116 121 150 178 193 201 206 213 217 241 243 258 262 293 368 405 490 504 526 548 564 565 570 577 623 644 739 746 754 
-1 
-1 
-1 
-1 15 20 32 34 46 51 62 66 78 102 103 136 137 139 145 146 168 171 174 177 209 211 218 220 221 228 230 238 239 241 245 256 257 262 263 499 516 533 539 556 557 565 582 590 659 742 755 758 
-1 
-1 
-1 
-1 2 7 11 12 19 45 46 49 52 68 72 75 77 90 94 97 110 118 119 121 128 159 163 167 180 187 190 206 211 222 229 232 234 235 246 255 263 301 326 485 489 500 501 519 529 537 565 566 568 575 577 592 660 708 716 738 741 745 750 
-1 
-1 
-1 
-1 8 34 56 57 77 78 85 91 92 93 100 104 116 125 126 130 149 159 166 174 175 202 210 214 216 218 220 228 243 245 255 270 280 337 385 417 505 524 525 531 538 544 545 548 552 560 572 593 641 647 
-1 
-1 
-1 
-1 0 20 31 48 59 61 62 63 64 90 104 113 141 150 153 157 165 166 183 201 207 216 218 226 237 243 250 253 256 464 493 501 505 517 538 539 596 766 
-1 
-1 
-1 
-1 
-1 
-1 
-1 
-1 
-1 
-1 
-1 
-1 
-1 
-1 
-1 
-1 
-1 
-1 
-1 
-1 
-1 
-1 
-1 
-1 
-1 
-1 
-1 
-1 
-1 
-1 
-1 
-1 
-1 
-1 
-1 
-1 
-1 
-1 
-1 
-1 
-1 
-1 
-1 
-1 
-1 
-1 
-1 
-1 
-1 
-1 
-1 
-1 
-1 
-1 
-1 
-1 
-1 
-1 
-1 
-1 69 85 169 307 363 385 421 430 435 457 475 484 489 493 502 506 510 519 529 580 598 599 602 636 650 681 701 714 
-1 
-1 
-1 
-1 0 14 35 45 60 71 76 82 97 100 121 151 162 197 229 251 257 278 309 315 328 349 350 356 361 405 434 448 455 473 483 496 513 536 565 567 575 597 690 
-1 
-1 
-1 
-1 6 16 18 30 57 79 134 138 153 239 265 274 307 311 312 323 337 339 366 392 395 474 488 489 493 508 517 526 529 536 607 622 681 
-1 
-1 
-1 
-1 21 25 30 36 37 54 172 176 204 231 235 253 257 262 277 278 314 363 386 453 479 486 488 495 496 506 512 530 535 557 608 661 683 686 
-1 
-1 
-1 
-1 10 26 27 32 68 121 134 135 168 183 208 209 234 288 298 304 329 335 336 383 445 484 497 498 527 573 579 582 703 725 
-1 
-1 
-1 
-1 15 29 102 109 111 169 267 334 336 364 409 435 466 496 497 514 542 544 550 555 583 599 630 671 690 
-1 
-1 
-1 
-1 9 17 35 45 63 79 87 115 120 161 162 201 228 268 273 329 381 383 388 504 513 523 526 534 537 541 582 621 680 731 
-1 
-1 
-1 
-1 20 26 31 64 115 119 128 136 159 161 210 234 264 277 278 300 308 309 351 369 376 391 403 408 414 439 456 477 492 505 540 564 567 580 646 682 
-1 
-1 
-1 
-1 1 5 32 110 119 137 168 206 217 227 241 270 286 304 314 332 344 353 396 404 418 419 450 492 534 551 564 573 579 595 636 
-1 
-1 
-1 
-1 17 24 51 80 109 144 147 156 202 217 255 283 297 314 320 329 369 385 386 411 415 426 427 436 472 485 512 527 530 543 547 552 573 584 636 663 714 
-1 
-1 
-1 
-1 5 37 48 56 67 72 90 96 100 105 171 191 201 243 247 264 269 279 287 300 358 371 381 397 400 431 474 496 525 528 535 600 679 692 697 765 
-1 
-1 
-1 
-1 1 16 128 139 157 161 212 213 307 310 339 369 373 458 465 472 481 486 508 556 561 598 670 687 697 730 
-1 
-1 
-1 
-1 2 30 39 76 91 100 123 157 163 167 179 202 217 230 242 278 308 390 403 409 418 421 445 448 463 480 497 530 535 536 546 583 605 630 676 698 
-1 
-1 
-1 
-1 4 31 83 97 106 138 143 168 190 244 289 338 374 377 381 387 476 485 502 503 504 511 552 556 568 596 613 664 679 681 712 
-1 
-1 
-1 
-1 30 49 66 120 123 128 161 212 217 265 271 278 290 297 319 322 362 381 417 421 442 446 452 453 460 470 477 515 539 577 578 580 641 680 
-1 
-1 
-1 
-1 21 32 43 49 97 98 152 160 184 217 260 361 377 378 403 435 493 506 548 648 674 
-1 
-1 
-1 
-1 36 48 50 78 89 117 164 280 288 317 352 361 408 421 426 428 491 496 498 509 517 531 542 587 614 617 643 666 690 
-1 
-1 
-1 
-1 0 36 55 88 147 157 158 175 273 348 411 431 445 487 501 521 538 552 579 598 644 656 698 706 
-1 
-1 
-1 
-1 37 41 66 76 138 165 213 236 259 281 292 293 370 397 406 408 432 461 469 487 504 506 514 529 534 556 581 591 625 686 689 
-1 
-1 
-1 
-1 53 57 86 92 94 95 126 191 244 276 298 304 314 317 324 380 382 386 402 427 436 446 461 468 469 483 486 507 525 531 539 550 563 568 574 593 626 736 
-1 
-1 
-1 
-1 38 119 130 142 231 250 252 286 293 306 315 318 324 328 352 369 402 412 447 448 514 517 533 564 584 678 702 713 
-1 
-1 
-1 
-1 2 9 19 22 45 46 65 81 83 100 110 143 145 169 257 268 273 301 304 408 425 437 457 459 471 478 484 495 538 548 588 638 738 
-1 
-1 
-1 
-1 34 38 68 75 82 85 102 104 109 111 120 123 161 189 219 234 255 271 281 307 328 360 408 418 430 461 467 521 525 526 528 562 567 575 578 642 675 707 721 739 753 
-1 
-1 
-1 
-1 35 45 50 52 64 70 72 96 164 271 304 307 322 341 352 355 394 413 431 438 445 452 485 495 525 537 555 574 629 721 
-1 
-1 
-1 
-1 6 68 89 93 94 102 113 206 220 227 258 261 280 297 313 330 333 405 411 443 482 502 506 525 528 530 534 543 560 574 585 692 700 
-1 
-1 
-1 
-1 26 34 92 139 190 198 210 252 268 269 270 306 366 381 414 453 485 504 509 516 531 534 542 568 579 584 617 
-1 
-1 
-1 
-1 11 43 55 114 151 180 190 223 250 252 307 324 401 427 484 490 493 509 521 522 527 533 581 593 637 665 694 
-1 
-1 
-1 
-1 10 24 113 243 268 282 283 285 330 338 376 388 391 395 416 417 451 472 483 484 489 527 556 576 615 635 724 
-1 
-1 
-1 
-1 27 31 44 53 74 81 87 109 137 153 189 191 199 211 217 252 294 328 341 344 412 434 451 457 475 480 491 495 500 510 514 585 678 683 
-1 
-1 
-1 
-1 2 15 68 79 113 116 127 160 162 191 215 224 242 245 259 312 327 340 350 359 372 395 400 407 411 430 455 456 460 483 485 497 499 511 512 516 537 598 642 671 703 706 741 
-1 
-1 
-1 
-1 20 27 65 98 114 132 133 156 173 198 210 226 229 334 360 387 415 441 458 491 493 494 495 521 526 567 574 625 691 701 
-1 
-1 
-1 
-1 30 32 59 78 94 96 99 101 188 198 315 321 363 385 479 491 499 508 510 518 561 657 
-1 
-1 
-1 
-1 35 40 41 53 71 86 135 137 257 267 274 299 313 358 387 401 402 412 439 451 490 493 505 535 559 580 586 593 640 659 694 
-1 
-1 
-1 
-1 7 15 16 57 89 102 111 121 122 152 163 183 186 187 192 240 266 316 323 333 346 350 416 433 445 450 452 478 482 485 486 507 512 532 548 571 586 600 639 690 
-1 
-1 
-1 
-1 41 48 86 99 131 145 159 173 187 207 267 280 281 343 395 397 457 476 491 505 510 545 552 573 590 598 609 611 726 735 
-1 
-1 
-1 
-1 54 67 134 167 181 201 244 309 413 428 466 505 519 538 540 600 
-1 
-1 
-1 
-1 10 35 55 59 62 85 134 141 147 156 198 205 319 324 327 351 353 377 383 399 476 477 541 547 553 603 613 623 662 699 
-1 
-1 
-1 
-1 17 93 121 131 134 152 161 202 237 244 329 337 362 386 396 431 433 453 457 467 470 503 507 517 522 529 563 569 633 683 710 721 
-1 
-1 
-1 
-1 13 15 17 84 121 134 137 150 154 181 200 201 212 278 294 308 378 386 394 413 429 443 457 466 474 505 509 510 514 523 527 543 547 558 568 588 590 691 695 
-1 
-1 
-1 
-1 33 72 130 132 157 167 174 249 257 269 342 347 353 374 405 426 451 497 521 528 555 569 589 622 723 
-1 
-1 
-1 
-1 6 8 20 71 87 139 153 186 196 216 241 291 297 298 328 367 374 393 406 408 417 443 464 512 612 710 
-1 
-1 
-1 
-1 0 20 48 62 69 101 120 161 172 176 178 184 224 237 265 290 309 337 347 350 386 388 421 428 440 456 476 496 500 529 561 565 566 632 714 733 
-1 
-1 
-1 
-1 5 14 17 20 29 55 73 142 189 226 244 252 264 266 283 299 301 310 350 360 382 387 396 414 415 467 470 517 520 537 551 552 556 562 575 611 669 
-1 
-1 
-1 
-1 6 44 119 130 138 141 160 179 185 253 289 296 306 387 425 437 447 495 499 520 540 606 722 734 
-1 
-1 
-1 
-1 14 51 94 98 107 140 160 185 204 236 299 316 322 373 388 402 458 460 483 495 496 514 523 578 579 591 606 616 656 658 718 736 
-1 
-1 
-1 
-1 10 22 37 59 74 80 89 110 127 141 187 213 241 269 284 305 308 341 374 466 478 485 488 489 496 518 520 573 582 648 661 676 
-1 
-1 
-1 
-1 1 22 32 55 66 76 93 166 311 342 386 392 418 427 432 437 454 459 470 478 488 509 542 575 576 588 612 619 647 661 664 683 733 
-1 
-1 
-1 
-1 11 26 27 54 117 146 195 202 258 274 286 294 307 344 374 384 401 425 448 454 507 518 527 561 563 598 638 711 
-1 
-1 
-1 
-1 3 20 74 90 102 133 141 155 223 245 283 294 322 339 345 358 406 414 430 453 467 473 477 486 487 498 499 502 503 506 509 517 534 640 670 686 705 
-1 
-1 
-1 
-1 19 39 40 71 81 165 187 235 269 277 311 318 401 412 429 442 482 533 551 562 591 618 
-1 
-1 
-1 
-1 12 17 60 62 85 91 132 146 190 192 256 284 297 318 322 330 373 469 475 477 484 490 507 511 513 514 526 536 540 635 654 693 736 
-1 
-1 
-1 
-1 14 18 86 108 114 116 134 150 154 189 212 213 222 235 243 267 300 306 339 342 345 379 394 407 437 440 477 488 493 495 592 600 613 647 697 
-1 
-1 
-1 
-1 22 72 109 127 148 174 190 217 248 285 293 323 326 336 384 465 467 473 491 493 501 521 526 539 547 706 
-1 
-1 
-1 
-1 28 77 78 88 117 122 209 236 267 278 292 293 303 305 306 332 362 428 431 436 441 453 476 483 486 489 494 497 508 527 530 601 645 655 
-1 
-1 
-1 
-1 23 44 45 54 65 66 98 103 139 147 154 230 314 317 365 386 424 450 451 472 543 544 688 689 720 732 
-1 
-1 
-1 
-1 
-1 
-1 
-1 
-1 
-1 
-1 
-1 
-1 
-1 
-1 
-1 
-1 
-1 
-1 
-1 
-1 
-1 
-1 
-1 
-1 
-1 
-1 
-1 
-1 
-1 
-1 
-1 
-1 
-1 
-1 
-1 
-1 
-1 
-1 
-1 
-1 
-1 
-1 
-1 
-1 
-1 
-1 
-1 
-1 
-1 
-1 
-1 
-1 
-1 
-1 
-1 
-1 
-1 
-1 
-1 
-1 40 46 92 99 135 153 159 188 221 238 253 543 547 548 568 588 611 612 631 645 659 681 686 694 704 707 
-1 
-1 
-1 
-1 15 21 34 59 81 82 100 107 110 141 184 199 209 217 223 234 247 487 494 540 549 551 554 564 568 583 586 587 594 629 676 694 719 738 
-1 
-1 
-1 
-1 92 107 116 171 180 188 205 216 225 229 538 539 543 544 557 586 591 598 603 606 635 640 655 669 685 721 726 
-1 
-1 
-1 
-1 6 89 104 130 144 158 204 207 209 229 236 241 244 253 545 560 564 569 571 577 581 583 590 636 666 717 729 
-1 
-1 
-1 
-1 77 104 107 177 210 214 216 240 246 375 433 543 548 551 553 565 566 567 577 635 648 691 693 726 
-1 
-1 
-1 
-1 9 33 41 132 160 172 173 188 223 242 260 293 302 413 556 588 607 618 634 636 649 656 659 664 698 708 721 734 736 
-1 
-1 
-1 
-1 6 90 107 110 121 225 336 388 534 565 597 598 608 619 622 627 633 649 652 718 721 735 
-1 
-1 
-1 
-1 3 6 35 69 120 182 233 242 430 546 547 562 567 573 579 580 595 628 636 651 652 657 659 660 667 668 671 680 685 687 722 727 737 755 
-1 
-1 
-1 
-1 19 26 34 36 67 210 216 236 242 279 373 547 549 553 559 563 584 597 662 706 734 744 
-1 
-1 
-1 
-1 1 40 48 57 89 111 120 152 154 189 195 199 225 236 241 291 400 554 557 566 570 586 589 593 608 611 641 645 659 683 688 694 703 714 720 
-1 
-1 
-1 
-1 5 22 111 127 259 344 557 566 636 638 662 668 701 713 722 
-1 
-1 
-1 
-1 22 53 81 95 125 144 162 190 208 255 263 363 480 506 547 550 560 565 572 579 581 582 585 600 631 632 649 672 675 716 719 736 
-1 
-1 
-1 
-1 
-1 
-1 
-1 
-1 
-1 
-1 
-1 
-1 5 159 199 296 330 335 342 389 394 398 405 406 420 430 440 448 455 458 463 467 485 507 526 529 536 591 612 615 622 660 663 674 676 679 705 744 751 756 
-1 
-1 
-1 
-1 7 25 40 100 167 270 306 308 346 352 384 399 412 423 449 485 503 510 511 524 572 604 614 642 663 673 678 682 742 
-1 
-1 
-1 
-1 172 308 341 350 363 365 386 402 420 425 427 435 457 486 492 500 512 529 601 628 652 660 708 732 741 759 763 
-1 
-1 
-1 
-1 238 273 276 305 324 346 405 438 446 470 486 498 499 519 520 526 603 615 662 696 726 740 759 
-1 
-1 
-1 
-1 137 266 289 357 426 431 437 449 463 478 479 512 513 516 520 521 532 546 559 564 603 610 618 671 674 755 
-1 
-1 
-1 
-1 49 219 329 347 350 393 398 404 432 451 472 487 488 509 526 533 567 582 601 663 687 720 725 731 745 761 
-1 
-1 
-1 
-1 73 273 364 366 400 411 442 445 448 479 486 488 506 510 511 515 517 524 526 527 605 621 628 653 665 681 726 729 749 766 
-1 
-1 
-1 
-1 43 105 163 177 249 278 294 298 308 333 349 362 364 445 480 481 482 485 513 515 520 526 565 598 606 619 646 683 694 740 753 762 766 
-1 
-1 
-1 
-1 94 172 285 296 311 338 366 382 417 478 484 502 512 515 529 536 545 601 610 656 680 703 747 754 764 
-1 
-1 
-1 
-1 212 269 277 299 309 353 357 372 376 377 381 455 491 493 497 500 507 533 536 557 559 609 619 638 665 669 684 686 689 742 750 
-1 
-1 
-1 
-1 71 168 194 260 262 271 280 286 395 422 440 479 499 510 514 516 530 535 658 662 710 752 754 
-1 
-1 
-1 
-1 40 298 318 323 328 330 340 346 354 377 405 409 448 450 473 486 509 561 618 643 747 755 760 764 
-1 
-1 
-1 
-1 23 81 265 266 281 284 304 337 367 372 387 404 427 432 439 447 455 485 490 505 512 513 534 535 602 607 621 630 643 658 705 730 735 744 
-1 
-1 
-1 
-1 48 269 296 332 373 388 436 439 453 467 477 492 497 501 502 507 509 530 557 581 639 704 728 736 759 761 
-1 
-1 
-1 
-1 34 37 331 387 392 396 483 487 489 495 498 499 505 508 511 515 533 617 622 632 633 662 675 693 694 764 
-1 
-1 
-1 
-1 134 171 322 328 336 366 379 424 448 451 471 478 483 487 490 502 507 512 516 521 525 526 532 597 613 625 650 655 693 698 749 
-1 
-1 
-1 
-1 25 280 302 318 340 350 360 410 490 511 515 518 616 617 637 646 648 651 677 699 700 726 732 766 
-1 
-1 
-1 
-1 7 13 38 172 205 291 295 298 317 357 376 396 404 416 446 448 459 471 477 483 511 516 526 536 565 572 604 611 669 704 707 734 735 744 747 757 758 
-1 
-1 
-1 
-1 313 337 350 363 392 393 414 449 466 496 502 504 506 529 532 549 616 634 655 659 705 708 744 750 
-1 
-1 
-1 
-1 265 289 292 301 322 325 365 369 405 428 439 442 459 463 498 513 514 515 523 526 528 529 578 608 620 648 691 696 699 708 715 720 744 751 
-1 
-1 
-1 
-1 23 52 59 264 295 298 363 364 376 383 404 405 407 478 479 492 503 504 505 508 514 531 533 555 642 646 658 672 709 724 732 739 758 765 
-1 
-1 
-1 
-1 98 276 378 396 432 433 434 442 466 490 504 510 511 512 514 521 535 626 636 645 647 660 676 690 695 716 731 739 742 
-1 
-1 
-1 
-1 109 151 273 277 329 333 339 354 379 400 408 423 451 468 484 505 510 531 568 596 604 677 693 696 700 718 727 732 733 748 763 766 
-1 
-1 
-1 
-1 88 206 272 305 313 337 350 451 466 470 479 484 485 507 508 510 514 527 543 562 583 601 613 615 640 651 659 665 672 673 714 749 758 
-1 
-1 
-1 
-1 36 41 193 316 327 332 342 358 366 369 405 488 501 522 534 549 610 654 740 741 746 762 763 765 
-1 
-1 
-1 
-1 40 87 286 357 405 418 482 487 492 498 521 525 576 646 653 700 717 728 734 752 753 759 760 
-1 
-1 
-1 
-1 49 144 173 321 327 354 357 364 420 428 436 442 445 490 492 500 501 511 520 530 536 619 632 641 669 728 746 753 
-1 
-1 
-1 
-1 87 295 307 314 352 359 392 398 418 420 444 468 469 486 495 497 506 511 514 556 594 622 642 657 687 695 725 742 757 
-1 
-1 
-1 
-1 126 186 264 269 279 330 368 389 392 404 410 412 428 437 443 453 463 480 487 489 492 499 504 617 624 631 632 655 670 681 697 704 722 734 743 757 764 
-1 
-1 
-1 
-1 270 272 320 328 346 386 442 443 474 487 489 491 494 496 510 520 534 536 567 613 637 681 691 704 713 
-1 
-1 
-1 
-1 44 276 292 313 353 382 470 482 506 523 530 536 615 619 658 672 683 719 743 749 766 
-1 
-1 
-1 
-1 267 275 286 315 317 349 352 385 386 392 483 502 510 511 516 519 522 639 648 663 671 691 727 744 760 765 
-1 
-1 
-1 
-1 137 263 270 304 323 324 336 341 364 443 486 489 490 507 516 527 528 546 556 562 568 578 595 627 655 656 738 750 
-1 
-1 
-1 
-1 24 142 292 330 335 339 437 464 470 476 498 504 571 577 581 644 655 701 748 753 756 
-1 
-1 
-1 
-1 77 292 316 329 340 345 379 383 445 448 451 491 495 499 500 515 529 530 556 623 650 653 655 670 673 678 701 
-1 
-1 
-1 
-1 54 338 340 348 391 408 460 465 479 483 511 513 515 521 549 597 619 628 656 677 694 704 743 747 749 757 761 766 
-1 
-1 
-1 
-1 
-1 
-1 
-1 
-1 
-1 
-1 
-1 
-1 
-1 
-1 
-1 
-1 
-1 
-1 
-1 
-1 
-1 
-1 
-1 
-1 
-1 
-1 
-1 
-1 
-1 
-1 
